1 1 0 83 2363
1 1 1 84 2364
1 1 2 85 2365
1 2 0 166 2380
1 2 1 167 2381
1 2 2 168 2382
1 3 0 249 2399
1 3 1 250 2400
1 3 2 251 2401
1 4 0 332 2420
1 4 1 333 2421
1 4 2 334 2422
1 5 0 415 2443
1 5 1 416 2444
1 5 2 417 2445
1 6 0 498 2467
1 6 1 499 2468
1 6 2 500 2469
1 7 0 581 2491
1 7 1 582 2492
1 7 2 583 2493
1 8 0 664 2515
1 8 1 665 2516
1 8 2 666 2517
1 9 0 747 2540
1 9 1 748 2541
1 9 2 749 2542
1 10 0 830 2565
1 10 1 831 2566
1 10 2 832 2567
1 11 0 913 2592
1 11 1 914 2593
1 11 2 915 2594
1 12 0 996 2621
1 12 1 997 2622
1 12 2 998 2623
1 13 0 1079 2652
1 13 1 1080 2653
2 43 1 3570 3588
2 43 2 3571 3589
2 44 0 3652 3618
2 44 1 3653 3619
2 44 2 3654 3620
2 45 0 3735 3647
2 45 1 3736 3648
2 45 2 3737 3649
2 46 0 3818 3674
2 46 1 3819 3675
2 46 2 3820 3676
2 47 0 3901 3700
2 47 1 3902 3701
2 47 2 3903 3702
2 48 0 3984 3724
2 48 1 3985 3725
2 48 2 3986 3726
2 49 0 4067 3746
2 49 1 4068 3747
2 49 2 4069 3748
2 50 0 4150 3766
2 50 1 4151 3767
2 50 2 4152 3768
2 51 0 4233 3785
2 51 1 4234 3786
2 51 2 4235 3787
2 52 0 4316 3802
2 52 1 4317 3803
2 52 2 4318 3804
2 53 0 4399 3817
2 53 1 4400 3818
2 53 2 4401 3819
2 54 0 4482 3830
2 54 1 4483 3831
2 54 2 4484 3832
2 55 0 4565 3842
2 55 1 4566 3843
2 55 2 4567 3844
2 56 0 4648 3852
2 56 1 4649 3853
2 56 2 4650 3854
2 57 0 4731 3860
2 57 1 4732 3861
2 57 2 4733 3862
2 58 0 4814 3866
2 58 1 4815 3867
2 58 2 4816 3868
2 59 0 4897 3871
2 59 1 4898 3872
2 59 2 4899 3873
2 60 0 4980 3874
1 18 2 1496 3875
1 19 0 1577 3876
1 19 1 1578 3877
1 19 2 1579 3878
1 20 0 1660 3881
1 20 1 1661 3882
2 64 1 5313 4482
2 64 2 5314 4483
2 65 0 5395 4496
2 65 1 5396 4497
2 65 2 5397 4498
2 66 0 5478 4509
2 66 1 5479 4510
2 66 2 5480 4511
2 67 0 5561 4520
2 67 1 5562 4521
2 67 2 5563 4522
2 68 0 5644 4529
2 68 1 5645 4530
2 68 2 5646 4531
2 69 0 5727 4537
2 69 1 5728 4538
3 30 1 2491 4549
3 30 2 2492 4550
3 31 0 2573 4552
3 31 1 2574 4553
3 31 2 2575 4554
3 32 0 2656 4557
3 32 1 2657 4558
3 32 2 2658 4559
3 33 0 2739 4564
3 33 1 2740 4565
3 33 2 2741 4566
3 34 0 2822 4573
3 34 1 2823 4574
3 34 2 2824 4575
3 35 0 2905 4584
3 35 1 2906 4585
3 35 2 2907 4586
3 36 0 2988 4597
3 36 1 2989 4598
3 36 2 2990 4599
3 37 0 3071 4611
3 37 1 3072 4612
3 37 2 3073 4613
3 38 0 3154 4627
3 38 1 3155 4628
