0 * 0 0
1 * 0 1
2 * 0 2
3 * 0 3
4 * 0 4
5 * 0 5
6 * 0 6
7 * 0 7
8 * 0 8
9 * 0 9
10 * 0 10
11 * 0 11
12 * 0 12
13 * 0 13
14 * 0 14
15 * 0 15
16 * 0 16
17 * 0 17
18 * 0 18
19 * 0 19
20 * 0 20
21 * 0 21
22 * 0 22
23 * 0 23
24 * 0 24
25 * 0 25
26 * 0 26
27 * 0 27
28 * 0 28
29 * 0 29
30 * 0 30
31 * 0 31
44 * 0 44
45 * 0 45
46 * 0 46
47 * 0 47
48 * 0 48
49 * 0 49
50 * 0 50
51 * 0 51
52 * 0 52
53 * 0 53
54 * 0 54
55 * 0 55
56 * 0 56
57 * 0 57
58 * 0 58
59 * 0 59
60 * 0 60
61 * 0 61
62 * 0 62
63 * 0 63
70 * 0 70
71 * 0 71
72 * 0 72
73 * 0 73
74 * 0 74
75 * 0 75
76 * 0 76
77 * 0 77
78 * 0 78
79 * 0 79
80 * 0 80
81 * 0 81
82 * 0 82
83 * 0 83
84 * 0 84
85 * 0 85
83 * 1 0
84 * 1 1
85 * 1 2
86 * 1 3
87 * 1 4
88 * 1 5
89 * 1 6
90 * 1 7
91 * 1 8
92 * 1 9
93 * 1 10
94 * 1 11
95 * 1 12
96 * 1 13
97 * 1 14
98 * 1 15
99 * 1 16
100 * 1 17
101 * 1 18
102 * 1 19
103 * 1 20
104 * 1 21
105 * 1 22
106 * 1 23
107 * 1 24
108 * 1 25
109 * 1 26
110 * 1 27
111 * 1 28
112 * 1 29
125 * 1 42
126 * 1 43
127 * 1 44
128 * 1 45
129 * 1 46
130 * 1 47
131 * 1 48
132 * 1 49
133 * 1 50
134 * 1 51
135 * 1 52
136 * 1 53
137 * 1 54
138 * 1 55
139 * 1 56
140 * 1 57
141 * 1 58
142 * 1 59
143 * 1 60
144 * 1 61
152 * 1 69
153 * 1 70
154 * 1 71
155 * 1 72
156 * 1 73
157 * 1 74
158 * 1 75
159 * 1 76
160 * 1 77
161 * 1 78
162 * 1 79
163 * 1 80
164 * 1 81
165 * 1 82
166 * 1 83
167 * 1 84
168 * 1 85
166 * 2 0
167 * 2 1
168 * 2 2
169 * 2 3
170 * 2 4
171 * 2 5
172 * 2 6
173 * 2 7
174 * 2 8
175 * 2 9
176 * 2 10
177 * 2 11
178 * 2 12
179 * 2 13
180 * 2 14
181 * 2 15
182 * 2 16
183 * 2 17
184 * 2 18
185 * 2 19
186 * 2 20
187 * 2 21
188 * 2 22
189 * 2 23
190 * 2 24
191 * 2 25
192 * 2 26
193 * 2 27
194 * 2 28
206 * 2 40
207 * 2 41
208 * 2 42
209 * 2 43
210 * 2 44
211 * 2 45
212 * 2 46
213 * 2 47
214 * 2 48
215 * 2 49
216 * 2 50
217 * 2 51
218 * 2 52
219 * 2 53
220 * 2 54
221 * 2 55
222 * 2 56
223 * 2 57
224 * 2 58
225 * 2 59
233 * 2 67
234 * 2 68
235 * 2 69
236 * 2 70
237 * 2 71
238 * 2 72
239 * 2 73
240 * 2 74
241 * 2 75
242 * 2 76
243 * 2 77
244 * 2 78
245 * 2 79
246 * 2 80
247 * 2 81
248 * 2 82
249 * 2 83
250 * 2 84
251 * 2 85
249 * 3 0
250 * 3 1
251 * 3 2
252 * 3 3
253 * 3 4
254 * 3 5
255 * 3 6
256 * 3 7
257 * 3 8
258 * 3 9
259 * 3 10
260 * 3 11
261 * 3 12
262 * 3 13
263 * 3 14
264 * 3 15
265 * 3 16
266 * 3 17
267 * 3 18
268 * 3 19
269 * 3 20
270 * 3 21
271 * 3 22
272 * 3 23
273 * 3 24
274 * 3 25
275 * 3 26
276 * 3 27
288 * 3 39
289 * 3 40
290 * 3 41
291 * 3 42
292 * 3 43
293 * 3 44
294 * 3 45
295 * 3 46
296 * 3 47
297 * 3 48
298 * 3 49
299 * 3 50
300 * 3 51
301 * 3 52
302 * 3 53
303 * 3 54
304 * 3 55
305 * 3 56
306 * 3 57
314 * 3 65
315 * 3 66
316 * 3 67
317 * 3 68
318 * 3 69
319 * 3 70
320 * 3 71
321 * 3 72
322 * 3 73
323 * 3 74
324 * 3 75
325 * 3 76
326 * 3 77
327 * 3 78
328 * 3 79
329 * 3 80
330 * 3 81
331 * 3 82
332 * 3 83
333 * 3 84
334 * 3 85
332 * 4 0
333 * 4 1
334 * 4 2
335 * 4 3
336 * 4 4
337 * 4 5
338 * 4 6
339 * 4 7
340 * 4 8
341 * 4 9
342 * 4 10
343 * 4 11
344 * 4 12
345 * 4 13
346 * 4 14
347 * 4 15
348 * 4 16
349 * 4 17
350 * 4 18
351 * 4 19
352 * 4 20
353 * 4 21
354 * 4 22
355 * 4 23
356 * 4 24
357 * 4 25
358 * 4 26
371 * 4 39
372 * 4 40
373 * 4 41
374 * 4 42
375 * 4 43
376 * 4 44
377 * 4 45
378 * 4 46
379 * 4 47
380 * 4 48
381 * 4 49
382 * 4 50
383 * 4 51
384 * 4 52
385 * 4 53
386 * 4 54
387 * 4 55
388 * 4 56
395 * 4 63
396 * 4 64
397 * 4 65
398 * 4 66
399 * 4 67
400 * 4 68
401 * 4 69
402 * 4 70
403 * 4 71
404 * 4 72
405 * 4 73
406 * 4 74
407 * 4 75
408 * 4 76
409 * 4 77
410 * 4 78
411 * 4 79
412 * 4 80
413 * 4 81
414 * 4 82
415 * 4 83
416 * 4 84
417 * 4 85
415 * 5 0
416 * 5 1
417 * 5 2
418 * 5 3
419 * 5 4
420 * 5 5
421 * 5 6
422 * 5 7
423 * 5 8
424 * 5 9
425 * 5 10
426 * 5 11
427 * 5 12
428 * 5 13
429 * 5 14
430 * 5 15
431 * 5 16
432 * 5 17
433 * 5 18
434 * 5 19
435 * 5 20
436 * 5 21
437 * 5 22
438 * 5 23
439 * 5 24
440 * 5 25
441 * 5 26
453 * 5 38
454 * 5 39
455 * 5 40
456 * 5 41
457 * 5 42
458 * 5 43
459 * 5 44
460 * 5 45
461 * 5 46
462 * 5 47
463 * 5 48
464 * 5 49
465 * 5 50
466 * 5 51
467 * 5 52
468 * 5 53
469 * 5 54
470 * 5 55
477 * 5 62
478 * 5 63
479 * 5 64
480 * 5 65
481 * 5 66
482 * 5 67
483 * 5 68
484 * 5 69
485 * 5 70
486 * 5 71
487 * 5 72
488 * 5 73
489 * 5 74
490 * 5 75
491 * 5 76
492 * 5 77
493 * 5 78
494 * 5 79
495 * 5 80
496 * 5 81
497 * 5 82
498 * 5 83
499 * 5 84
500 * 5 85
498 * 6 0
499 * 6 1
500 * 6 2
501 * 6 3
502 * 6 4
503 * 6 5
504 * 6 6
505 * 6 7
506 * 6 8
507 * 6 9
508 * 6 10
509 * 6 11
510 * 6 12
511 * 6 13
512 * 6 14
513 * 6 15
514 * 6 16
515 * 6 17
516 * 6 18
517 * 6 19
518 * 6 20
519 * 6 21
520 * 6 22
521 * 6 23
522 * 6 24
523 * 6 25
536 * 6 38
537 * 6 39
538 * 6 40
539 * 6 41
540 * 6 42
541 * 6 43
542 * 6 44
543 * 6 45
544 * 6 46
545 * 6 47
546 * 6 48
547 * 6 49
548 * 6 50
549 * 6 51
550 * 6 52
551 * 6 53
552 * 6 54
553 * 6 55
560 * 6 62
561 * 6 63
562 * 6 64
563 * 6 65
564 * 6 66
565 * 6 67
566 * 6 68
567 * 6 69
568 * 6 70
569 * 6 71
570 * 6 72
571 * 6 73
572 * 6 74
573 * 6 75
574 * 6 76
575 * 6 77
576 * 6 78
577 * 6 79
578 * 6 80
579 * 6 81
580 * 6 82
581 * 6 83
582 * 6 84
583 * 6 85
581 * 7 0
582 * 7 1
583 * 7 2
584 * 7 3
585 * 7 4
586 * 7 5
587 * 7 6
588 * 7 7
589 * 7 8
590 * 7 9
591 * 7 10
592 * 7 11
593 * 7 12
594 * 7 13
595 * 7 14
596 * 7 15
597 * 7 16
598 * 7 17
599 * 7 18
600 * 7 19
601 * 7 20
602 * 7 21
603 * 7 22
604 * 7 23
605 * 7 24
618 * 7 37
619 * 7 38
620 * 7 39
621 * 7 40
622 * 7 41
623 * 7 42
624 * 7 43
625 * 7 44
626 * 7 45
627 * 7 46
628 * 7 47
629 * 7 48
630 * 7 49
631 * 7 50
632 * 7 51
633 * 7 52
634 * 7 53
635 * 7 54
643 * 7 62
644 * 7 63
645 * 7 64
646 * 7 65
647 * 7 66
648 * 7 67
649 * 7 68
650 * 7 69
651 * 7 70
652 * 7 71
653 * 7 72
654 * 7 73
655 * 7 74
656 * 7 75
657 * 7 76
658 * 7 77
659 * 7 78
660 * 7 79
661 * 7 80
662 * 7 81
663 * 7 82
664 * 7 83
665 * 7 84
666 * 7 85
664 * 8 0
665 * 8 1
666 * 8 2
667 * 8 3
668 * 8 4
669 * 8 5
670 * 8 6
671 * 8 7
672 * 8 8
673 * 8 9
674 * 8 10
675 * 8 11
676 * 8 12
677 * 8 13
678 * 8 14
679 * 8 15
680 * 8 16
681 * 8 17
682 * 8 18
683 * 8 19
684 * 8 20
685 * 8 21
686 * 8 22
687 * 8 23
701 * 8 37
702 * 8 38
703 * 8 39
704 * 8 40
705 * 8 41
706 * 8 42
707 * 8 43
708 * 8 44
709 * 8 45
710 * 8 46
711 * 8 47
712 * 8 48
713 * 8 49
714 * 8 50
715 * 8 51
716 * 8 52
717 * 8 53
725 * 8 61
726 * 8 62
727 * 8 63
728 * 8 64
729 * 8 65
730 * 8 66
731 * 8 67
732 * 8 68
733 * 8 69
734 * 8 70
735 * 8 71
736 * 8 72
737 * 8 73
738 * 8 74
739 * 8 75
740 * 8 76
741 * 8 77
742 * 8 78
743 * 8 79
744 * 8 80
745 * 8 81
746 * 8 82
747 * 8 83
748 * 8 84
749 * 8 85
747 * 9 0
748 * 9 1
749 * 9 2
750 * 9 3
751 * 9 4
752 * 9 5
753 * 9 6
754 * 9 7
755 * 9 8
756 * 9 9
757 * 9 10
758 * 9 11
759 * 9 12
760 * 9 13
761 * 9 14
762 * 9 15
763 * 9 16
764 * 9 17
765 * 9 18
766 * 9 19
767 * 9 20
768 * 9 21
782 * 9 35
783 * 9 36
784 * 9 37
785 * 9 38
786 * 9 39
787 * 9 40
788 * 9 41
789 * 9 42
790 * 9 43
791 * 9 44
792 * 9 45
793 * 9 46
794 * 9 47
795 * 9 48
796 * 9 49
797 * 9 50
798 * 9 51
808 * 9 61
809 * 9 62
810 * 9 63
811 * 9 64
812 * 9 65
813 * 9 66
814 * 9 67
815 * 9 68
816 * 9 69
817 * 9 70
818 * 9 71
819 * 9 72
820 * 9 73
821 * 9 74
822 * 9 75
823 * 9 76
824 * 9 77
825 * 9 78
826 * 9 79
827 * 9 80
828 * 9 81
829 * 9 82
830 * 9 83
831 * 9 84
832 * 9 85
830 * 10 0
831 * 10 1
832 * 10 2
833 * 10 3
834 * 10 4
835 * 10 5
836 * 10 6
837 * 10 7
838 * 10 8
839 * 10 9
840 * 10 10
841 * 10 11
842 * 10 12
843 * 10 13
844 * 10 14
845 * 10 15
846 * 10 16
847 * 10 17
848 * 10 18
849 * 10 19
863 * 10 33
864 * 10 34
865 * 10 35
866 * 10 36
867 * 10 37
868 * 10 38
869 * 10 39
870 * 10 40
871 * 10 41
872 * 10 42
873 * 10 43
874 * 10 44
875 * 10 45
876 * 10 46
877 * 10 47
878 * 10 48
879 * 10 49
889 * 10 59
890 * 10 60
891 * 10 61
892 * 10 62
893 * 10 63
894 * 10 64
895 * 10 65
896 * 10 66
897 * 10 67
898 * 10 68
899 * 10 69
900 * 10 70
901 * 10 71
902 * 10 72
903 * 10 73
904 * 10 74
905 * 10 75
906 * 10 76
907 * 10 77
908 * 10 78
909 * 10 79
910 * 10 80
911 * 10 81
912 * 10 82
913 * 10 83
914 * 10 84
915 * 10 85
913 * 11 0
914 * 11 1
915 * 11 2
916 * 11 3
917 * 11 4
918 * 11 5
919 * 11 6
920 * 11 7
921 * 11 8
922 * 11 9
923 * 11 10
924 * 11 11
925 * 11 12
926 * 11 13
927 * 11 14
928 * 11 15
929 * 11 16
930 * 11 17
944 * 11 31
945 * 11 32
946 * 11 33
947 * 11 34
948 * 11 35
949 * 11 36
950 * 11 37
951 * 11 38
952 * 11 39
953 * 11 40
954 * 11 41
955 * 11 42
956 * 11 43
957 * 11 44
958 * 11 45
959 * 11 46
960 * 11 47
970 * 11 57
971 * 11 58
972 * 11 59
973 * 11 60
974 * 11 61
975 * 11 62
976 * 11 63
977 * 11 64
978 * 11 65
979 * 11 66
980 * 11 67
981 * 11 68
982 * 11 69
983 * 11 70
984 * 11 71
985 * 11 72
986 * 11 73
987 * 11 74
988 * 11 75
989 * 11 76
990 * 11 77
991 * 11 78
992 * 11 79
993 * 11 80
994 * 11 81
995 * 11 82
996 * 11 83
997 * 11 84
998 * 11 85
996 * 12 0
997 * 12 1
998 * 12 2
999 * 12 3
1000 * 12 4
1001 * 12 5
1002 * 12 6
1003 * 12 7
1004 * 12 8
1005 * 12 9
1006 * 12 10
1007 * 12 11
1008 * 12 12
1009 * 12 13
1010 * 12 14
1011 * 12 15
1026 * 12 30
1027 * 12 31
1028 * 12 32
1029 * 12 33
1030 * 12 34
1031 * 12 35
1032 * 12 36
1033 * 12 37
1034 * 12 38
1035 * 12 39
1036 * 12 40
1037 * 12 41
1038 * 12 42
1039 * 12 43
1040 * 12 44
1041 * 12 45
1042 * 12 46
1051 * 12 55
1052 * 12 56
1053 * 12 57
1054 * 12 58
1055 * 12 59
1056 * 12 60
1057 * 12 61
1058 * 12 62
1059 * 12 63
1060 * 12 64
1061 * 12 65
1062 * 12 66
1063 * 12 67
1064 * 12 68
1065 * 12 69
1066 * 12 70
1067 * 12 71
1068 * 12 72
1069 * 12 73
1070 * 12 74
1071 * 12 75
1072 * 12 76
1073 * 12 77
1074 * 12 78
1075 * 12 79
1076 * 12 80
1077 * 12 81
1078 * 12 82
1079 * 12 83
1080 * 12 84
1079 * 13 0
1080 * 13 1
1081 * 13 2
1082 * 13 3
1083 * 13 4
1084 * 13 5
1085 * 13 6
1086 * 13 7
1087 * 13 8
1088 * 13 9
1089 * 13 10
1090 * 13 11
1091 * 13 12
1092 * 13 13
1093 * 13 14
1107 * 13 28
1108 * 13 29
1109 * 13 30
1110 * 13 31
1111 * 13 32
1112 * 13 33
1113 * 13 34
1114 * 13 35
1115 * 13 36
1116 * 13 37
1117 * 13 38
1118 * 13 39
1119 * 13 40
1120 * 13 41
1121 * 13 42
1122 * 13 43
1123 * 13 44
1132 * 13 53
1133 * 13 54
1134 * 13 55
1135 * 13 56
1136 * 13 57
1137 * 13 58
1138 * 13 59
1139 * 13 60
1140 * 13 61
1141 * 13 62
1142 * 13 63
1143 * 13 64
1144 * 13 65
1145 * 13 66
1146 * 13 67
1147 * 13 68
1148 * 13 69
1149 * 13 70
1150 * 13 71
1151 * 13 72
1152 * 13 73
1153 * 13 74
1154 * 13 75
1155 * 13 76
1156 * 13 77
1157 * 13 78
1158 * 13 79
1159 * 13 80
1160 * 13 81
1161 * 13 82
1162 * 14 0
1163 * 14 1
1164 * 14 2
1165 * 14 3
1166 * 14 4
1167 * 14 5
1168 * 14 6
1169 * 14 7
1170 * 14 8
1171 * 14 9
1172 * 14 10
1173 * 14 11
1174 * 14 12
1188 * 14 26
1189 * 14 27
1190 * 14 28
1191 * 14 29
1192 * 14 30
1193 * 14 31
1194 * 14 32
1195 * 14 33
1196 * 14 34
1197 * 14 35
1198 * 14 36
1199 * 14 37
1200 * 14 38
1201 * 14 39
1202 * 14 40
1203 * 14 41
1204 * 14 42
1213 * 14 51
1214 * 14 52
1215 * 14 53
1216 * 14 54
1217 * 14 55
1218 * 14 56
1219 * 14 57
1220 * 14 58
1221 * 14 59
1222 * 14 60
1223 * 14 61
1224 * 14 62
1225 * 14 63
1226 * 14 64
1227 * 14 65
1228 * 14 66
1229 * 14 67
1230 * 14 68
1231 * 14 69
1232 * 14 70
1233 * 14 71
1234 * 14 72
1235 * 14 73
1236 * 14 74
1237 * 14 75
1238 * 14 76
1239 * 14 77
1240 * 14 78
1241 * 14 79
1242 * 14 80
1245 * 15 0
1246 * 15 1
1247 * 15 2
1248 * 15 3
1249 * 15 4
1250 * 15 5
1251 * 15 6
1252 * 15 7
1253 * 15 8
1254 * 15 9
1255 * 15 10
1269 * 15 24
1270 * 15 25
1271 * 15 26
1272 * 15 27
1273 * 15 28
1274 * 15 29
1275 * 15 30
1276 * 15 31
1277 * 15 32
1278 * 15 33
1279 * 15 34
1280 * 15 35
1281 * 15 36
1282 * 15 37
1283 * 15 38
1284 * 15 39
1285 * 15 40
1286 * 15 41
1295 * 15 50
1296 * 15 51
1297 * 15 52
1298 * 15 53
1299 * 15 54
1300 * 15 55
1301 * 15 56
1302 * 15 57
1303 * 15 58
1304 * 15 59
1305 * 15 60
1306 * 15 61
1307 * 15 62
1308 * 15 63
1309 * 15 64
1310 * 15 65
1311 * 15 66
1312 * 15 67
1313 * 15 68
1314 * 15 69
1315 * 15 70
1316 * 15 71
1317 * 15 72
1318 * 15 73
1319 * 15 74
1320 * 15 75
1321 * 15 76
1322 * 15 77
1323 * 15 78
1324 * 15 79
1328 * 16 0
1329 * 16 1
1330 * 16 2
1331 * 16 3
1332 * 16 4
1333 * 16 5
1334 * 16 6
1335 * 16 7
1336 * 16 8
1351 * 16 23
1352 * 16 24
1353 * 16 25
1354 * 16 26
1355 * 16 27
1356 * 16 28
1357 * 16 29
1358 * 16 30
1359 * 16 31
1360 * 16 32
1361 * 16 33
1362 * 16 34
1363 * 16 35
1364 * 16 36
1365 * 16 37
1366 * 16 38
1367 * 16 39
1376 * 16 48
1377 * 16 49
1378 * 16 50
1379 * 16 51
1380 * 16 52
1381 * 16 53
1382 * 16 54
1383 * 16 55
1384 * 16 56
1385 * 16 57
1386 * 16 58
1387 * 16 59
1388 * 16 60
1389 * 16 61
1390 * 16 62
1391 * 16 63
1392 * 16 64
1393 * 16 65
1394 * 16 66
1395 * 16 67
1396 * 16 68
1397 * 16 69
1398 * 16 70
1399 * 16 71
1400 * 16 72
1401 * 16 73
1402 * 16 74
1403 * 16 75
1404 * 16 76
1405 * 16 77
1411 * 17 0
1412 * 17 1
1413 * 17 2
1414 * 17 3
1415 * 17 4
1416 * 17 5
1417 * 17 6
1432 * 17 21
1433 * 17 22
1434 * 17 23
1435 * 17 24
1436 * 17 25
1437 * 17 26
1438 * 17 27
1439 * 17 28
1440 * 17 29
1441 * 17 30
1442 * 17 31
1443 * 17 32
1444 * 17 33
1445 * 17 34
1446 * 17 35
1447 * 17 36
1448 * 17 37
1457 * 17 46
1458 * 17 47
1459 * 17 48
1460 * 17 49
1461 * 17 50
1462 * 17 51
1463 * 17 52
1464 * 17 53
1465 * 17 54
1466 * 17 55
1467 * 17 56
1468 * 17 57
1469 * 17 58
1470 * 17 59
1471 * 17 60
1472 * 17 61
1473 * 17 62
1474 * 17 63
1475 * 17 64
1476 * 17 65
1477 * 17 66
1478 * 17 67
1479 * 17 68
1480 * 17 69
1481 * 17 70
1482 * 17 71
1483 * 17 72
1484 * 17 73
1485 * 17 74
1486 * 17 75
1496 * 17 85
1494 * 18 0
1495 * 18 1
1496 * 18 2
1497 * 18 3
1498 * 18 4
1499 * 18 5
1513 * 18 19
1514 * 18 20
1515 * 18 21
1516 * 18 22
1517 * 18 23
1518 * 18 24
1519 * 18 25
1520 * 18 26
1521 * 18 27
1522 * 18 28
1523 * 18 29
1524 * 18 30
1525 * 18 31
1526 * 18 32
1527 * 18 33
1528 * 18 34
1529 * 18 35
1538 * 18 44
1539 * 18 45
1540 * 18 46
1541 * 18 47
1542 * 18 48
1543 * 18 49
1544 * 18 50
1545 * 18 51
1546 * 18 52
1547 * 18 53
1548 * 18 54
1549 * 18 55
1550 * 18 56
1551 * 18 57
1552 * 18 58
1553 * 18 59
1554 * 18 60
1555 * 18 61
1556 * 18 62
1557 * 18 63
1558 * 18 64
1559 * 18 65
1560 * 18 66
1561 * 18 67
1562 * 18 68
1563 * 18 69
1564 * 18 70
1565 * 18 71
1566 * 18 72
1567 * 18 73
1577 * 18 83
1578 * 18 84
1579 * 18 85
1577 * 19 0
1578 * 19 1
1579 * 19 2
1580 * 19 3
1594 * 19 17
1595 * 19 18
1596 * 19 19
1597 * 19 20
1598 * 19 21
1599 * 19 22
1600 * 19 23
1601 * 19 24
1602 * 19 25
1603 * 19 26
1604 * 19 27
1605 * 19 28
1606 * 19 29
1607 * 19 30
1608 * 19 31
1609 * 19 32
1610 * 19 33
1611 * 19 34
1619 * 19 42
1620 * 19 43
1621 * 19 44
1622 * 19 45
1623 * 19 46
1624 * 19 47
1625 * 19 48
1626 * 19 49
1627 * 19 50
1628 * 19 51
1629 * 19 52
1630 * 19 53
1631 * 19 54
1632 * 19 55
1633 * 19 56
1634 * 19 57
1635 * 19 58
1636 * 19 59
1637 * 19 60
1638 * 19 61
1639 * 19 62
1640 * 19 63
1641 * 19 64
1642 * 19 65
1643 * 19 66
1644 * 19 67
1645 * 19 68
1646 * 19 69
1647 * 19 70
1648 * 19 71
1649 * 19 72
1658 * 19 81
1659 * 19 82
1660 * 19 83
1661 * 19 84
1662 * 19 85
1660 * 20 0
1661 * 20 1
1675 * 20 15
1676 * 20 16
1677 * 20 17
1678 * 20 18
1679 * 20 19
1680 * 20 20
1681 * 20 21
1682 * 20 22
1683 * 20 23
1684 * 20 24
1685 * 20 25
1686 * 20 26
1687 * 20 27
1688 * 20 28
1689 * 20 29
1690 * 20 30
1691 * 20 31
1692 * 20 32
1701 * 20 41
1702 * 20 42
1703 * 20 43
1704 * 20 44
1705 * 20 45
1706 * 20 46
1707 * 20 47
1708 * 20 48
1709 * 20 49
1710 * 20 50
1711 * 20 51
1712 * 20 52
1713 * 20 53
1714 * 20 54
1715 * 20 55
1716 * 20 56
1717 * 20 57
1718 * 20 58
1719 * 20 59
1720 * 20 60
1721 * 20 61
1722 * 20 62
1723 * 20 63
1724 * 20 64
1725 * 20 65
1726 * 20 66
1727 * 20 67
1728 * 20 68
1729 * 20 69
1730 * 20 70
1739 * 20 79
1740 * 20 80
1741 * 20 81
1742 * 20 82
1743 * 20 83
1744 * 20 84
1745 * 20 85
1757 * 21 14
1758 * 21 15
1759 * 21 16
1760 * 21 17
1761 * 21 18
1762 * 21 19
1763 * 21 20
1764 * 21 21
1765 * 21 22
1766 * 21 23
1767 * 21 24
1768 * 21 25
1769 * 21 26
1770 * 21 27
1771 * 21 28
1772 * 21 29
1773 * 21 30
1782 * 21 39
1783 * 21 40
1784 * 21 41
1785 * 21 42
1786 * 21 43
1787 * 21 44
1788 * 21 45
1789 * 21 46
1790 * 21 47
1791 * 21 48
1792 * 21 49
1793 * 21 50
1794 * 21 51
1795 * 21 52
1796 * 21 53
1797 * 21 54
1798 * 21 55
1799 * 21 56
1800 * 21 57
1801 * 21 58
1802 * 21 59
1803 * 21 60
1804 * 21 61
1805 * 21 62
1806 * 21 63
1807 * 21 64
1808 * 21 65
1809 * 21 66
1810 * 21 67
1811 * 21 68
1821 * 21 78
1822 * 21 79
1823 * 21 80
1824 * 21 81
1825 * 21 82
1826 * 21 83
1827 * 21 84
1828 * 21 85
1838 * 22 12
1839 * 22 13
1840 * 22 14
1841 * 22 15
1842 * 22 16
1843 * 22 17
1844 * 22 18
1845 * 22 19
1846 * 22 20
1847 * 22 21
1848 * 22 22
1849 * 22 23
1850 * 22 24
1851 * 22 25
1852 * 22 26
1853 * 22 27
1854 * 22 28
1855 * 22 29
1863 * 22 37
1864 * 22 38
1865 * 22 39
1866 * 22 40
1867 * 22 41
1868 * 22 42
1869 * 22 43
1870 * 22 44
1871 * 22 45
1872 * 22 46
1873 * 22 47
1874 * 22 48
1875 * 22 49
1876 * 22 50
1877 * 22 51
1878 * 22 52
1879 * 22 53
1880 * 22 54
1881 * 22 55
1882 * 22 56
1883 * 22 57
1884 * 22 58
1885 * 22 59
1886 * 22 60
1887 * 22 61
1888 * 22 62
1889 * 22 63
1890 * 22 64
1891 * 22 65
1892 * 22 66
1902 * 22 76
1903 * 22 77
1904 * 22 78
1905 * 22 79
1906 * 22 80
1907 * 22 81
1908 * 22 82
1909 * 22 83
1910 * 22 84
1911 * 22 85
1919 * 23 10
1920 * 23 11
1921 * 23 12
1922 * 23 13
1923 * 23 14
1924 * 23 15
1925 * 23 16
1926 * 23 17
1927 * 23 18
1928 * 23 19
1929 * 23 20
1930 * 23 21
1931 * 23 22
1932 * 23 23
1933 * 23 24
1934 * 23 25
1935 * 23 26
1936 * 23 27
1944 * 23 35
1945 * 23 36
1946 * 23 37
1947 * 23 38
1948 * 23 39
1949 * 23 40
1950 * 23 41
1951 * 23 42
1952 * 23 43
1953 * 23 44
1954 * 23 45
1955 * 23 46
1956 * 23 47
1957 * 23 48
1958 * 23 49
1959 * 23 50
1960 * 23 51
1961 * 23 52
1962 * 23 53
1963 * 23 54
1964 * 23 55
1965 * 23 56
1966 * 23 57
1967 * 23 58
1968 * 23 59
1969 * 23 60
1970 * 23 61
1971 * 23 62
1972 * 23 63
1973 * 23 64
1974 * 23 65
1983 * 23 74
1984 * 23 75
1985 * 23 76
1986 * 23 77
1987 * 23 78
1988 * 23 79
1989 * 23 80
1990 * 23 81
1991 * 23 82
1992 * 23 83
1993 * 23 84
1994 * 23 85
2000 * 24 8
2001 * 24 9
2002 * 24 10
2003 * 24 11
2004 * 24 12
2005 * 24 13
2006 * 24 14
2007 * 24 15
2008 * 24 16
2009 * 24 17
2010 * 24 18
2011 * 24 19
2012 * 24 20
2013 * 24 21
2014 * 24 22
2015 * 24 23
2016 * 24 24
2017 * 24 25
2025 * 24 33
2026 * 24 34
2027 * 24 35
2028 * 24 36
2029 * 24 37
2030 * 24 38
2031 * 24 39
2032 * 24 40
2033 * 24 41
2034 * 24 42
2035 * 24 43
2036 * 24 44
2037 * 24 45
2038 * 24 46
2039 * 24 47
2040 * 24 48
2041 * 24 49
2042 * 24 50
2043 * 24 51
2044 * 24 52
2045 * 24 53
2046 * 24 54
2047 * 24 55
2048 * 24 56
2049 * 24 57
2050 * 24 58
2051 * 24 59
2052 * 24 60
2053 * 24 61
2054 * 24 62
2055 * 24 63
2064 * 24 72
2065 * 24 73
2066 * 24 74
2067 * 24 75
2068 * 24 76
2069 * 24 77
2070 * 24 78
2071 * 24 79
2072 * 24 80
2073 * 24 81
2074 * 24 82
2075 * 24 83
2076 * 24 84
2077 * 24 85
2082 * 25 7
2083 * 25 8
2084 * 25 9
2085 * 25 10
2086 * 25 11
2087 * 25 12
2088 * 25 13
2089 * 25 14
2090 * 25 15
2091 * 25 16
2092 * 25 17
2093 * 25 18
2094 * 25 19
2095 * 25 20
2096 * 25 21
2097 * 25 22
2098 * 25 23
2106 * 25 31
2107 * 25 32
2108 * 25 33
2109 * 25 34
2110 * 25 35
2111 * 25 36
2112 * 25 37
2113 * 25 38
2114 * 25 39
2115 * 25 40
2116 * 25 41
2117 * 25 42
2118 * 25 43
2119 * 25 44
2120 * 25 45
2121 * 25 46
2122 * 25 47
2123 * 25 48
2124 * 25 49
2125 * 25 50
2126 * 25 51
2127 * 25 52
2128 * 25 53
2129 * 25 54
2130 * 25 55
2131 * 25 56
2132 * 25 57
2133 * 25 58
2134 * 25 59
2135 * 25 60
2136 * 25 61
2145 * 25 70
2146 * 25 71
2147 * 25 72
2148 * 25 73
2149 * 25 74
2150 * 25 75
2151 * 25 76
2152 * 25 77
2153 * 25 78
2154 * 25 79
2155 * 25 80
2156 * 25 81
2157 * 25 82
2158 * 25 83
2159 * 25 84
2163 * 26 5
2164 * 26 6
2165 * 26 7
2166 * 26 8
2167 * 26 9
2168 * 26 10
2169 * 26 11
2170 * 26 12
2171 * 26 13
2172 * 26 14
2173 * 26 15
2174 * 26 16
2175 * 26 17
2176 * 26 18
2177 * 26 19
2178 * 26 20
2179 * 26 21
2180 * 26 22
2188 * 26 30
2189 * 26 31
2190 * 26 32
2191 * 26 33
2192 * 26 34
2193 * 26 35
2194 * 26 36
2195 * 26 37
2196 * 26 38
2197 * 26 39
2198 * 26 40
2199 * 26 41
2200 * 26 42
2201 * 26 43
2202 * 26 44
2203 * 26 45
2204 * 26 46
2205 * 26 47
2206 * 26 48
2207 * 26 49
2208 * 26 50
2209 * 26 51
2210 * 26 52
2211 * 26 53
2212 * 26 54
2213 * 26 55
2214 * 26 56
2215 * 26 57
2216 * 26 58
2217 * 26 59
2218 * 26 60
2227 * 26 69
2228 * 26 70
2229 * 26 71
2230 * 26 72
2231 * 26 73
2232 * 26 74
2233 * 26 75
2234 * 26 76
2235 * 26 77
2236 * 26 78
2237 * 26 79
2238 * 26 80
2239 * 26 81
2240 * 26 82
2244 * 27 3
2245 * 27 4
2246 * 27 5
2247 * 27 6
2248 * 27 7
2249 * 27 8
2250 * 27 9
2251 * 27 10
2252 * 27 11
2253 * 27 12
2254 * 27 13
2255 * 27 14
2256 * 27 15
2257 * 27 16
2258 * 27 17
2259 * 27 18
2260 * 27 19
2261 * 27 20
2269 * 27 28
2270 * 27 29
2271 * 27 30
2272 * 27 31
2273 * 27 32
2274 * 27 33
2275 * 27 34
2276 * 27 35
2277 * 27 36
2278 * 27 37
2279 * 27 38
2280 * 27 39
2281 * 27 40
2282 * 27 41
2283 * 27 42
2284 * 27 43
2285 * 27 44
2286 * 27 45
2287 * 27 46
2288 * 27 47
2289 * 27 48
2290 * 27 49
2291 * 27 50
2292 * 27 51
2293 * 27 52
2294 * 27 53
2295 * 27 54
2296 * 27 55
2297 * 27 56
2298 * 27 57
2299 * 27 58
2308 * 27 67
2309 * 27 68
2310 * 27 69
2311 * 27 70
2312 * 27 71
2313 * 27 72
2314 * 27 73
2315 * 27 74
2316 * 27 75
2317 * 27 76
2318 * 27 77
2319 * 27 78
2320 * 27 79
2321 * 27 80
2325 * 28 1
2326 * 28 2
2327 * 28 3
2328 * 28 4
2329 * 28 5
2330 * 28 6
2331 * 28 7
2332 * 28 8
2333 * 28 9
2334 * 28 10
2335 * 28 11
2336 * 28 12
2337 * 28 13
2338 * 28 14
2339 * 28 15
2340 * 28 16
2341 * 28 17
2342 * 28 18
2350 * 28 26
2351 * 28 27
2352 * 28 28
2353 * 28 29
2354 * 28 30
2355 * 28 31
2356 * 28 32
2357 * 28 33
2358 * 28 34
2359 * 28 35
2360 * 28 36
2361 * 28 37
2362 * 28 38
2363 * 28 39
2364 * 28 40
2365 * 28 41
2366 * 28 42
2367 * 28 43
2368 * 28 44
2369 * 28 45
2370 * 28 46
2371 * 28 47
2372 * 28 48
2373 * 28 49
2374 * 28 50
2375 * 28 51
2376 * 28 52
2377 * 28 53
2378 * 28 54
2379 * 28 55
2380 * 28 56
2389 * 28 65
2390 * 28 66
2391 * 28 67
2392 * 28 68
2393 * 28 69
2394 * 28 70
2395 * 28 71
2396 * 28 72
2397 * 28 73
2398 * 28 74
2399 * 28 75
2400 * 28 76
2401 * 28 77
2402 * 28 78
2403 * 28 79
2407 * 29 0
2408 * 29 1
2409 * 29 2
2410 * 29 3
2411 * 29 4
2412 * 29 5
2413 * 29 6
2414 * 29 7
2415 * 29 8
2416 * 29 9
2417 * 29 10
2418 * 29 11
2419 * 29 12
2420 * 29 13
2421 * 29 14
2422 * 29 15
2423 * 29 16
2424 * 29 17
2431 * 29 24
2432 * 29 25
2433 * 29 26
2434 * 29 27
2435 * 29 28
2436 * 29 29
2437 * 29 30
2438 * 29 31
2439 * 29 32
2440 * 29 33
2441 * 29 34
2442 * 29 35
2443 * 29 36
2444 * 29 37
2445 * 29 38
2446 * 29 39
2447 * 29 40
2448 * 29 41
2449 * 29 42
2450 * 29 43
2451 * 29 44
2452 * 29 45
2453 * 29 46
2454 * 29 47
2455 * 29 48
2456 * 29 49
2457 * 29 50
2458 * 29 51
2459 * 29 52
2460 * 29 53
2461 * 29 54
2470 * 29 63
2471 * 29 64
2472 * 29 65
2473 * 29 66
2474 * 29 67
2475 * 29 68
2476 * 29 69
2477 * 29 70
2478 * 29 71
2479 * 29 72
2480 * 29 73
2481 * 29 74
2482 * 29 75
2483 * 29 76
2484 * 29 77
2491 * 29 84
2492 * 29 85
2490 * 30 0
2491 * 30 1
2492 * 30 2
2493 * 30 3
2494 * 30 4
2495 * 30 5
2496 * 30 6
2497 * 30 7
2498 * 30 8
2499 * 30 9
2500 * 30 10
2501 * 30 11
2502 * 30 12
2503 * 30 13
2504 * 30 14
2505 * 30 15
2512 * 30 22
2513 * 30 23
2514 * 30 24
2515 * 30 25
2516 * 30 26
2517 * 30 27
2518 * 30 28
2519 * 30 29
2520 * 30 30
2521 * 30 31
2522 * 30 32
2523 * 30 33
2524 * 30 34
2525 * 30 35
2526 * 30 36
2527 * 30 37
2528 * 30 38
2529 * 30 39
2530 * 30 40
2531 * 30 41
2532 * 30 42
2533 * 30 43
2534 * 30 44
2535 * 30 45
2536 * 30 46
2537 * 30 47
2538 * 30 48
2539 * 30 49
2540 * 30 50
2541 * 30 51
2542 * 30 52
2543 * 30 53
2552 * 30 62
2553 * 30 63
2554 * 30 64
2555 * 30 65
2556 * 30 66
2557 * 30 67
2558 * 30 68
2559 * 30 69
2560 * 30 70
2561 * 30 71
2562 * 30 72
2563 * 30 73
2564 * 30 74
2565 * 30 75
2572 * 30 82
2573 * 30 83
2574 * 30 84
2575 * 30 85
2573 * 31 0
2574 * 31 1
2575 * 31 2
2576 * 31 3
2577 * 31 4
2578 * 31 5
2579 * 31 6
2580 * 31 7
2581 * 31 8
2582 * 31 9
2583 * 31 10
2584 * 31 11
2585 * 31 12
2586 * 31 13
2593 * 31 20
2594 * 31 21
2595 * 31 22
2596 * 31 23
2597 * 31 24
2598 * 31 25
2599 * 31 26
2600 * 31 27
2601 * 31 28
2602 * 31 29
2603 * 31 30
2604 * 31 31
2605 * 31 32
2606 * 31 33
2607 * 31 34
2608 * 31 35
2609 * 31 36
2610 * 31 37
2611 * 31 38
2612 * 31 39
2613 * 31 40
2614 * 31 41
2615 * 31 42
2616 * 31 43
2617 * 31 44
2618 * 31 45
2619 * 31 46
2620 * 31 47
2621 * 31 48
2622 * 31 49
2623 * 31 50
2624 * 31 51
2633 * 31 60
2634 * 31 61
2635 * 31 62
2636 * 31 63
2637 * 31 64
2638 * 31 65
2639 * 31 66
2640 * 31 67
2641 * 31 68
2642 * 31 69
2643 * 31 70
2644 * 31 71
2645 * 31 72
2646 * 31 73
2654 * 31 81
2655 * 31 82
2656 * 31 83
2657 * 31 84
2658 * 31 85
2656 * 32 0
2657 * 32 1
2658 * 32 2
2659 * 32 3
2660 * 32 4
2661 * 32 5
2662 * 32 6
2663 * 32 7
2664 * 32 8
2665 * 32 9
2666 * 32 10
2667 * 32 11
2675 * 32 19
2676 * 32 20
2677 * 32 21
2678 * 32 22
2679 * 32 23
2680 * 32 24
2681 * 32 25
2682 * 32 26
2683 * 32 27
2684 * 32 28
2685 * 32 29
2686 * 32 30
2687 * 32 31
2688 * 32 32
2689 * 32 33
2690 * 32 34
2691 * 32 35
2692 * 32 36
2693 * 32 37
2694 * 32 38
2695 * 32 39
2696 * 32 40
2697 * 32 41
2698 * 32 42
2699 * 32 43
2700 * 32 44
2701 * 32 45
2702 * 32 46
2703 * 32 47
2704 * 32 48
2705 * 32 49
2714 * 32 58
2715 * 32 59
2716 * 32 60
2717 * 32 61
2718 * 32 62
2719 * 32 63
2720 * 32 64
2721 * 32 65
2722 * 32 66
2723 * 32 67
2724 * 32 68
2725 * 32 69
2726 * 32 70
2727 * 32 71
2735 * 32 79
2736 * 32 80
2737 * 32 81
2738 * 32 82
2739 * 32 83
2740 * 32 84
2741 * 32 85
2739 * 33 0
2740 * 33 1
2741 * 33 2
2742 * 33 3
2743 * 33 4
2744 * 33 5
2745 * 33 6
2746 * 33 7
2747 * 33 8
2748 * 33 9
2749 * 33 10
2756 * 33 17
2757 * 33 18
2758 * 33 19
2759 * 33 20
2760 * 33 21
2761 * 33 22
2762 * 33 23
2763 * 33 24
2764 * 33 25
2765 * 33 26
2766 * 33 27
2767 * 33 28
2768 * 33 29
2769 * 33 30
2770 * 33 31
2771 * 33 32
2772 * 33 33
2773 * 33 34
2774 * 33 35
2775 * 33 36
2776 * 33 37
2777 * 33 38
2778 * 33 39
2779 * 33 40
2780 * 33 41
2781 * 33 42
2782 * 33 43
2783 * 33 44
2784 * 33 45
2785 * 33 46
2786 * 33 47
2795 * 33 56
2796 * 33 57
2797 * 33 58
2798 * 33 59
2799 * 33 60
2800 * 33 61
2801 * 33 62
2802 * 33 63
2803 * 33 64
2804 * 33 65
2805 * 33 66
2806 * 33 67
2807 * 33 68
2808 * 33 69
2809 * 33 70
2816 * 33 77
2817 * 33 78
2818 * 33 79
2819 * 33 80
2820 * 33 81
2821 * 33 82
2822 * 33 83
2823 * 33 84
2824 * 33 85
2822 * 34 0
2823 * 34 1
2824 * 34 2
2825 * 34 3
2826 * 34 4
2827 * 34 5
2828 * 34 6
2829 * 34 7
2830 * 34 8
2837 * 34 15
2838 * 34 16
2839 * 34 17
2840 * 34 18
2841 * 34 19
2842 * 34 20
2843 * 34 21
2844 * 34 22
2845 * 34 23
2846 * 34 24
2847 * 34 25
2848 * 34 26
2849 * 34 27
2850 * 34 28
2851 * 34 29
2852 * 34 30
2853 * 34 31
2854 * 34 32
2855 * 34 33
2856 * 34 34
2857 * 34 35
2858 * 34 36
2859 * 34 37
2860 * 34 38
2861 * 34 39
2862 * 34 40
2863 * 34 41
2864 * 34 42
2865 * 34 43
2866 * 34 44
2867 * 34 45
2868 * 34 46
2877 * 34 55
2878 * 34 56
2879 * 34 57
2880 * 34 58
2881 * 34 59
2882 * 34 60
2883 * 34 61
2884 * 34 62
2885 * 34 63
2886 * 34 64
2887 * 34 65
2888 * 34 66
2889 * 34 67
2890 * 34 68
2897 * 34 75
2898 * 34 76
2899 * 34 77
2900 * 34 78
2901 * 34 79
2902 * 34 80
2903 * 34 81
2904 * 34 82
2905 * 34 83
2906 * 34 84
2907 * 34 85
2905 * 35 0
2906 * 35 1
2907 * 35 2
2908 * 35 3
2909 * 35 4
2910 * 35 5
2911 * 35 6
2918 * 35 13
2919 * 35 14
2920 * 35 15
2921 * 35 16
2922 * 35 17
2923 * 35 18
2924 * 35 19
2925 * 35 20
2926 * 35 21
2927 * 35 22
2928 * 35 23
2929 * 35 24
2930 * 35 25
2931 * 35 26
2932 * 35 27
2933 * 35 28
2934 * 35 29
2935 * 35 30
2936 * 35 31
2937 * 35 32
2938 * 35 33
2939 * 35 34
2940 * 35 35
2941 * 35 36
2942 * 35 37
2943 * 35 38
2944 * 35 39
2945 * 35 40
2946 * 35 41
2947 * 35 42
2948 * 35 43
2949 * 35 44
2958 * 35 53
2959 * 35 54
2960 * 35 55
2961 * 35 56
2962 * 35 57
2963 * 35 58
2964 * 35 59
2965 * 35 60
2966 * 35 61
2967 * 35 62
2968 * 35 63
2969 * 35 64
2970 * 35 65
2971 * 35 66
2978 * 35 73
2979 * 35 74
2980 * 35 75
2981 * 35 76
2982 * 35 77
2983 * 35 78
2984 * 35 79
2985 * 35 80
2986 * 35 81
2987 * 35 82
2988 * 35 83
2989 * 35 84
2990 * 35 85
2988 * 36 0
2989 * 36 1
2990 * 36 2
2991 * 36 3
2992 * 36 4
2993 * 36 5
2999 * 36 11
3000 * 36 12
3001 * 36 13
3002 * 36 14
3003 * 36 15
3004 * 36 16
3005 * 36 17
3006 * 36 18
3007 * 36 19
3008 * 36 20
3009 * 36 21
3010 * 36 22
3011 * 36 23
3012 * 36 24
3013 * 36 25
3014 * 36 26
3015 * 36 27
3016 * 36 28
3017 * 36 29
3018 * 36 30
3019 * 36 31
3020 * 36 32
3021 * 36 33
3022 * 36 34
3023 * 36 35
3024 * 36 36
3025 * 36 37
3026 * 36 38
3027 * 36 39
3028 * 36 40
3029 * 36 41
3030 * 36 42
3039 * 36 51
3040 * 36 52
3041 * 36 53
3042 * 36 54
3043 * 36 55
3044 * 36 56
3045 * 36 57
3046 * 36 58
3047 * 36 59
3048 * 36 60
3049 * 36 61
3050 * 36 62
3051 * 36 63
3052 * 36 64
3060 * 36 72
3061 * 36 73
3062 * 36 74
3063 * 36 75
3064 * 36 76
3065 * 36 77
3066 * 36 78
3067 * 36 79
3068 * 36 80
3069 * 36 81
3070 * 36 82
3071 * 36 83
3072 * 36 84
3073 * 36 85
3071 * 37 0
3072 * 37 1
3073 * 37 2
3074 * 37 3
3080 * 37 9
3081 * 37 10
3082 * 37 11
3083 * 37 12
3084 * 37 13
3085 * 37 14
3086 * 37 15
3087 * 37 16
3088 * 37 17
3089 * 37 18
3090 * 37 19
3091 * 37 20
3092 * 37 21
3093 * 37 22
3094 * 37 23
3095 * 37 24
3096 * 37 25
3097 * 37 26
3098 * 37 27
3099 * 37 28
3100 * 37 29
3101 * 37 30
3102 * 37 31
3103 * 37 32
3104 * 37 33
3105 * 37 34
3106 * 37 35
3107 * 37 36
3108 * 37 37
3109 * 37 38
3110 * 37 39
3111 * 37 40
3120 * 37 49
3121 * 37 50
3122 * 37 51
3123 * 37 52
3124 * 37 53
3125 * 37 54
3126 * 37 55
3127 * 37 56
3128 * 37 57
3129 * 37 58
3130 * 37 59
3131 * 37 60
3132 * 37 61
3133 * 37 62
3141 * 37 70
3142 * 37 71
3143 * 37 72
3144 * 37 73
3145 * 37 74
3146 * 37 75
3147 * 37 76
3148 * 37 77
3149 * 37 78
3150 * 37 79
3151 * 37 80
3152 * 37 81
3153 * 37 82
3154 * 37 83
3155 * 37 84
3156 * 37 85
3154 * 38 0
3155 * 38 1
3162 * 38 8
3163 * 38 9
3164 * 38 10
3165 * 38 11
3166 * 38 12
3167 * 38 13
3168 * 38 14
3169 * 38 15
3170 * 38 16
3171 * 38 17
3172 * 38 18
3173 * 38 19
3174 * 38 20
3175 * 38 21
3176 * 38 22
3177 * 38 23
3178 * 38 24
3179 * 38 25
3180 * 38 26
3181 * 38 27
3182 * 38 28
3183 * 38 29
3184 * 38 30
3185 * 38 31
3186 * 38 32
3187 * 38 33
3188 * 38 34
3189 * 38 35
3190 * 38 36
3191 * 38 37
3192 * 38 38
3193 * 38 39
3201 * 38 47
3202 * 38 48
3203 * 38 49
3204 * 38 50
3205 * 38 51
3206 * 38 52
3207 * 38 53
3208 * 38 54
3209 * 38 55
3210 * 38 56
3211 * 38 57
3212 * 38 58
3213 * 38 59
3214 * 38 60
3215 * 38 61
3222 * 38 68
3223 * 38 69
3224 * 38 70
3225 * 38 71
3226 * 38 72
3227 * 38 73
3228 * 38 74
3229 * 38 75
3230 * 38 76
3231 * 38 77
3232 * 38 78
3233 * 38 79
3234 * 38 80
3235 * 38 81
3236 * 38 82
3237 * 38 83
3238 * 38 84
3243 * 39 6
3244 * 39 7
3245 * 39 8
3246 * 39 9
3247 * 39 10
3248 * 39 11
3249 * 39 12
3250 * 39 13
3251 * 39 14
3252 * 39 15
3253 * 39 16
3254 * 39 17
3255 * 39 18
3256 * 39 19
3257 * 39 20
3258 * 39 21
3259 * 39 22
3260 * 39 23
3261 * 39 24
3262 * 39 25
3263 * 39 26
3264 * 39 27
3265 * 39 28
3266 * 39 29
3267 * 39 30
3268 * 39 31
3269 * 39 32
3270 * 39 33
3271 * 39 34
3272 * 39 35
3273 * 39 36
3274 * 39 37
3283 * 39 46
3284 * 39 47
3285 * 39 48
3286 * 39 49
3287 * 39 50
3288 * 39 51
3289 * 39 52
3290 * 39 53
3291 * 39 54
3292 * 39 55
3293 * 39 56
3294 * 39 57
3295 * 39 58
3296 * 39 59
3303 * 39 66
3304 * 39 67
3305 * 39 68
3306 * 39 69
3307 * 39 70
3308 * 39 71
3309 * 39 72
3310 * 39 73
3311 * 39 74
3312 * 39 75
3313 * 39 76
3314 * 39 77
3315 * 39 78
3316 * 39 79
3317 * 39 80
3318 * 39 81
3319 * 39 82
3324 * 40 4
3325 * 40 5
3326 * 40 6
3327 * 40 7
3328 * 40 8
3329 * 40 9
3330 * 40 10
3331 * 40 11
3332 * 40 12
3333 * 40 13
3334 * 40 14
3335 * 40 15
3336 * 40 16
3337 * 40 17
3338 * 40 18
3339 * 40 19
3340 * 40 20
3341 * 40 21
3342 * 40 22
3343 * 40 23
3344 * 40 24
3345 * 40 25
3346 * 40 26
3347 * 40 27
3348 * 40 28
3349 * 40 29
3350 * 40 30
3351 * 40 31
3352 * 40 32
3353 * 40 33
3354 * 40 34
3355 * 40 35
3364 * 40 44
3365 * 40 45
3366 * 40 46
3367 * 40 47
3368 * 40 48
3369 * 40 49
3370 * 40 50
3371 * 40 51
3372 * 40 52
3373 * 40 53
3374 * 40 54
3375 * 40 55
3376 * 40 56
3377 * 40 57
3384 * 40 64
3385 * 40 65
3386 * 40 66
3387 * 40 67
3388 * 40 68
3389 * 40 69
3390 * 40 70
3391 * 40 71
3392 * 40 72
3393 * 40 73
3394 * 40 74
3395 * 40 75
3396 * 40 76
3397 * 40 77
3398 * 40 78
3399 * 40 79
3400 * 40 80
3405 * 41 2
3406 * 41 3
3407 * 41 4
3408 * 41 5
3409 * 41 6
3410 * 41 7
3411 * 41 8
3412 * 41 9
3413 * 41 10
3414 * 41 11
3415 * 41 12
3416 * 41 13
3417 * 41 14
3418 * 41 15
3419 * 41 16
3420 * 41 17
3421 * 41 18
3422 * 41 19
3423 * 41 20
3424 * 41 21
3425 * 41 22
3426 * 41 23
3427 * 41 24
3428 * 41 25
3429 * 41 26
3430 * 41 27
3431 * 41 28
3432 * 41 29
3433 * 41 30
3434 * 41 31
3435 * 41 32
3436 * 41 33
3445 * 41 42
3446 * 41 43
3447 * 41 44
3448 * 41 45
3449 * 41 46
3450 * 41 47
3451 * 41 48
3452 * 41 49
3453 * 41 50
3454 * 41 51
3455 * 41 52
3456 * 41 53
3457 * 41 54
3458 * 41 55
3466 * 41 63
3467 * 41 64
3468 * 41 65
3469 * 41 66
3470 * 41 67
3471 * 41 68
3472 * 41 69
3473 * 41 70
3474 * 41 71
3475 * 41 72
3476 * 41 73
3477 * 41 74
3478 * 41 75
3479 * 41 76
3480 * 41 77
3481 * 41 78
3482 * 41 79
3486 * 42 0
3487 * 42 1
3488 * 42 2
3489 * 42 3
3490 * 42 4
3491 * 42 5
3492 * 42 6
3493 * 42 7
3494 * 42 8
3495 * 42 9
3496 * 42 10
3497 * 42 11
3498 * 42 12
3499 * 42 13
3500 * 42 14
3501 * 42 15
3502 * 42 16
3503 * 42 17
3504 * 42 18
3505 * 42 19
3506 * 42 20
3507 * 42 21
3508 * 42 22
3509 * 42 23
3510 * 42 24
3511 * 42 25
3512 * 42 26
3513 * 42 27
3514 * 42 28
3515 * 42 29
3516 * 42 30
3517 * 42 31
3518 * 42 32
3526 * 42 40
3527 * 42 41
3528 * 42 42
3529 * 42 43
3530 * 42 44
3531 * 42 45
3532 * 42 46
3533 * 42 47
3534 * 42 48
3535 * 42 49
3536 * 42 50
3537 * 42 51
3538 * 42 52
3539 * 42 53
3547 * 42 61
3548 * 42 62
3549 * 42 63
3550 * 42 64
3551 * 42 65
3552 * 42 66
3553 * 42 67
3554 * 42 68
3555 * 42 69
3556 * 42 70
3557 * 42 71
3558 * 42 72
3559 * 42 73
3560 * 42 74
3561 * 42 75
3562 * 42 76
3563 * 42 77
3570 * 42 84
3571 * 42 85
3569 * 43 0
3570 * 43 1
3571 * 43 2
3572 * 43 3
3573 * 43 4
3574 * 43 5
3575 * 43 6
3576 * 43 7
3577 * 43 8
3578 * 43 9
3579 * 43 10
3580 * 43 11
3581 * 43 12
3582 * 43 13
3583 * 43 14
3584 * 43 15
3585 * 43 16
3586 * 43 17
3587 * 43 18
3588 * 43 19
3589 * 43 20
3590 * 43 21
3591 * 43 22
3592 * 43 23
3593 * 43 24
3594 * 43 25
3595 * 43 26
3596 * 43 27
3597 * 43 28
3598 * 43 29
3599 * 43 30
3608 * 43 39
3609 * 43 40
3610 * 43 41
3611 * 43 42
3612 * 43 43
3613 * 43 44
3614 * 43 45
3615 * 43 46
3616 * 43 47
3617 * 43 48
3618 * 43 49
3619 * 43 50
3620 * 43 51
3621 * 43 52
3628 * 43 59
3629 * 43 60
3630 * 43 61
3631 * 43 62
3632 * 43 63
3633 * 43 64
3634 * 43 65
3635 * 43 66
3636 * 43 67
3637 * 43 68
3638 * 43 69
3639 * 43 70
3640 * 43 71
3641 * 43 72
3642 * 43 73
3643 * 43 74
3644 * 43 75
3651 * 43 82
3652 * 43 83
3653 * 43 84
3654 * 43 85
3652 * 44 0
3653 * 44 1
3654 * 44 2
3655 * 44 3
3656 * 44 4
3657 * 44 5
3658 * 44 6
3659 * 44 7
3660 * 44 8
3661 * 44 9
3662 * 44 10
3663 * 44 11
3664 * 44 12
3665 * 44 13
3666 * 44 14
3667 * 44 15
3668 * 44 16
3669 * 44 17
3670 * 44 18
3671 * 44 19
3672 * 44 20
3673 * 44 21
3674 * 44 22
3675 * 44 23
3676 * 44 24
3677 * 44 25
3678 * 44 26
3679 * 44 27
3680 * 44 28
3689 * 44 37
3690 * 44 38
3691 * 44 39
3692 * 44 40
3693 * 44 41
3694 * 44 42
3695 * 44 43
3696 * 44 44
3697 * 44 45
3698 * 44 46
3699 * 44 47
3700 * 44 48
3701 * 44 49
3702 * 44 50
3709 * 44 57
3710 * 44 58
3711 * 44 59
3712 * 44 60
3713 * 44 61
3714 * 44 62
3715 * 44 63
3716 * 44 64
3717 * 44 65
3718 * 44 66
3719 * 44 67
3720 * 44 68
3721 * 44 69
3722 * 44 70
3723 * 44 71
3724 * 44 72
3725 * 44 73
3733 * 44 81
3734 * 44 82
3735 * 44 83
3736 * 44 84
3737 * 44 85
3735 * 45 0
3736 * 45 1
3737 * 45 2
3738 * 45 3
3739 * 45 4
3740 * 45 5
3741 * 45 6
3742 * 45 7
3743 * 45 8
3744 * 45 9
3745 * 45 10
3746 * 45 11
3747 * 45 12
3748 * 45 13
3749 * 45 14
3750 * 45 15
3751 * 45 16
3752 * 45 17
3753 * 45 18
3754 * 45 19
3755 * 45 20
3756 * 45 21
3757 * 45 22
3758 * 45 23
3759 * 45 24
3760 * 45 25
3761 * 45 26
3770 * 45 35
3771 * 45 36
3772 * 45 37
3773 * 45 38
3774 * 45 39
3775 * 45 40
3776 * 45 41
3777 * 45 42
3778 * 45 43
3779 * 45 44
3780 * 45 45
3781 * 45 46
3782 * 45 47
3783 * 45 48
3790 * 45 55
3791 * 45 56
3792 * 45 57
3793 * 45 58
3794 * 45 59
3795 * 45 60
3796 * 45 61
3797 * 45 62
3798 * 45 63
3799 * 45 64
3800 * 45 65
3801 * 45 66
3802 * 45 67
3803 * 45 68
3804 * 45 69
3805 * 45 70
3806 * 45 71
3814 * 45 79
3815 * 45 80
3816 * 45 81
3817 * 45 82
3818 * 45 83
3819 * 45 84
3820 * 45 85
3818 * 46 0
3819 * 46 1
3820 * 46 2
3821 * 46 3
3822 * 46 4
3823 * 46 5
3824 * 46 6
3825 * 46 7
3826 * 46 8
3827 * 46 9
3828 * 46 10
3829 * 46 11
3830 * 46 12
3831 * 46 13
3832 * 46 14
3833 * 46 15
3834 * 46 16
3835 * 46 17
3836 * 46 18
3837 * 46 19
3838 * 46 20
3839 * 46 21
3840 * 46 22
3841 * 46 23
3842 * 46 24
3843 * 46 25
3851 * 46 33
3852 * 46 34
3853 * 46 35
3854 * 46 36
3855 * 46 37
3856 * 46 38
3857 * 46 39
3858 * 46 40
3859 * 46 41
3860 * 46 42
3861 * 46 43
3862 * 46 44
3863 * 46 45
3864 * 46 46
3872 * 46 54
3873 * 46 55
3874 * 46 56
3875 * 46 57
3876 * 46 58
3877 * 46 59
3878 * 46 60
3879 * 46 61
3880 * 46 62
3881 * 46 63
3882 * 46 64
3883 * 46 65
3884 * 46 66
3885 * 46 67
3886 * 46 68
3887 * 46 69
3888 * 46 70
3895 * 46 77
3896 * 46 78
3897 * 46 79
3898 * 46 80
3899 * 46 81
3900 * 46 82
3901 * 46 83
3902 * 46 84
3903 * 46 85
3901 * 47 0
3902 * 47 1
3903 * 47 2
3904 * 47 3
3905 * 47 4
3906 * 47 5
3907 * 47 6
3908 * 47 7
3909 * 47 8
3910 * 47 9
3911 * 47 10
3912 * 47 11
3913 * 47 12
3914 * 47 13
3915 * 47 14
3916 * 47 15
3917 * 47 16
3918 * 47 17
3919 * 47 18
3920 * 47 19
3921 * 47 20
3922 * 47 21
3923 * 47 22
3924 * 47 23
3932 * 47 31
3933 * 47 32
3934 * 47 33
3935 * 47 34
3936 * 47 35
3937 * 47 36
3938 * 47 37
3939 * 47 38
3940 * 47 39
3941 * 47 40
3942 * 47 41
3943 * 47 42
3944 * 47 43
3945 * 47 44
3953 * 47 52
3954 * 47 53
3955 * 47 54
3956 * 47 55
3957 * 47 56
3958 * 47 57
3959 * 47 58
3960 * 47 59
3961 * 47 60
3962 * 47 61
3963 * 47 62
3964 * 47 63
3965 * 47 64
3966 * 47 65
3967 * 47 66
3968 * 47 67
3969 * 47 68
3976 * 47 75
3977 * 47 76
3978 * 47 77
3979 * 47 78
3980 * 47 79
3981 * 47 80
3982 * 47 81
3983 * 47 82
3984 * 47 83
3985 * 47 84
3986 * 47 85
3984 * 48 0
3985 * 48 1
3986 * 48 2
3987 * 48 3
3988 * 48 4
3989 * 48 5
3990 * 48 6
3991 * 48 7
3992 * 48 8
3993 * 48 9
3994 * 48 10
3995 * 48 11
3996 * 48 12
3997 * 48 13
3998 * 48 14
3999 * 48 15
4000 * 48 16
4001 * 48 17
4002 * 48 18
4003 * 48 19
4004 * 48 20
4005 * 48 21
4014 * 48 30
4015 * 48 31
4016 * 48 32
4017 * 48 33
4018 * 48 34
4019 * 48 35
4020 * 48 36
4021 * 48 37
4022 * 48 38
4023 * 48 39
4024 * 48 40
4025 * 48 41
4026 * 48 42
4027 * 48 43
4034 * 48 50
4035 * 48 51
4036 * 48 52
4037 * 48 53
4038 * 48 54
4039 * 48 55
4040 * 48 56
4041 * 48 57
4042 * 48 58
4043 * 48 59
4044 * 48 60
4045 * 48 61
4046 * 48 62
4047 * 48 63
4048 * 48 64
4049 * 48 65
4050 * 48 66
4057 * 48 73
4058 * 48 74
4059 * 48 75
4060 * 48 76
4061 * 48 77
4062 * 48 78
4063 * 48 79
4064 * 48 80
4065 * 48 81
4066 * 48 82
4067 * 48 83
4068 * 48 84
4069 * 48 85
4067 * 49 0
4068 * 49 1
4069 * 49 2
4070 * 49 3
4071 * 49 4
4072 * 49 5
4073 * 49 6
4074 * 49 7
4075 * 49 8
4076 * 49 9
4077 * 49 10
4078 * 49 11
4079 * 49 12
4080 * 49 13
4081 * 49 14
4082 * 49 15
4083 * 49 16
4084 * 49 17
4085 * 49 18
4086 * 49 19
4095 * 49 28
4096 * 49 29
4097 * 49 30
4098 * 49 31
4099 * 49 32
4100 * 49 33
4101 * 49 34
4102 * 49 35
4103 * 49 36
4104 * 49 37
4105 * 49 38
4106 * 49 39
4107 * 49 40
4108 * 49 41
4115 * 49 48
4116 * 49 49
4117 * 49 50
4118 * 49 51
4119 * 49 52
4120 * 49 53
4121 * 49 54
4122 * 49 55
4123 * 49 56
4124 * 49 57
4125 * 49 58
4126 * 49 59
4127 * 49 60
4128 * 49 61
4129 * 49 62
4130 * 49 63
4131 * 49 64
4139 * 49 72
4140 * 49 73
4141 * 49 74
4142 * 49 75
4143 * 49 76
4144 * 49 77
4145 * 49 78
4146 * 49 79
4147 * 49 80
4148 * 49 81
4149 * 49 82
4150 * 49 83
4151 * 49 84
4152 * 49 85
4150 * 50 0
4151 * 50 1
4152 * 50 2
4153 * 50 3
4154 * 50 4
4155 * 50 5
4156 * 50 6
4157 * 50 7
4158 * 50 8
4159 * 50 9
4160 * 50 10
4161 * 50 11
4162 * 50 12
4163 * 50 13
4164 * 50 14
4165 * 50 15
4166 * 50 16
4167 * 50 17
4168 * 50 18
4176 * 50 26
4177 * 50 27
4178 * 50 28
4179 * 50 29
4180 * 50 30
4181 * 50 31
4182 * 50 32
4183 * 50 33
4184 * 50 34
4185 * 50 35
4186 * 50 36
4187 * 50 37
4188 * 50 38
4189 * 50 39
4197 * 50 47
4198 * 50 48
4199 * 50 49
4200 * 50 50
4201 * 50 51
4202 * 50 52
4203 * 50 53
4204 * 50 54
4205 * 50 55
4206 * 50 56
4207 * 50 57
4208 * 50 58
4209 * 50 59
4210 * 50 60
4211 * 50 61
4212 * 50 62
4220 * 50 70
4221 * 50 71
4222 * 50 72
4223 * 50 73
4224 * 50 74
4225 * 50 75
4226 * 50 76
4227 * 50 77
4228 * 50 78
4229 * 50 79
4230 * 50 80
4231 * 50 81
4232 * 50 82
4233 * 50 83
4234 * 50 84
4235 * 50 85
4233 * 51 0
4234 * 51 1
4235 * 51 2
4236 * 51 3
4237 * 51 4
4238 * 51 5
4239 * 51 6
4240 * 51 7
4241 * 51 8
4242 * 51 9
4243 * 51 10
4244 * 51 11
4245 * 51 12
4246 * 51 13
4247 * 51 14
4248 * 51 15
4249 * 51 16
4257 * 51 24
4258 * 51 25
4259 * 51 26
4260 * 51 27
4261 * 51 28
4262 * 51 29
4263 * 51 30
4264 * 51 31
4265 * 51 32
4266 * 51 33
4267 * 51 34
4268 * 51 35
4269 * 51 36
4270 * 51 37
4278 * 51 45
4279 * 51 46
4280 * 51 47
4281 * 51 48
4282 * 51 49
4283 * 51 50
4284 * 51 51
4285 * 51 52
4286 * 51 53
4287 * 51 54
4288 * 51 55
4289 * 51 56
4290 * 51 57
4291 * 51 58
4292 * 51 59
4293 * 51 60
4294 * 51 61
4301 * 51 68
4302 * 51 69
4303 * 51 70
4304 * 51 71
4305 * 51 72
4306 * 51 73
4307 * 51 74
4308 * 51 75
4309 * 51 76
4310 * 51 77
4311 * 51 78
4312 * 51 79
4313 * 51 80
4314 * 51 81
4315 * 51 82
4316 * 51 83
4317 * 51 84
4318 * 51 85
4316 * 52 0
4317 * 52 1
4318 * 52 2
4319 * 52 3
4320 * 52 4
4321 * 52 5
4322 * 52 6
4323 * 52 7
4324 * 52 8
4325 * 52 9
4326 * 52 10
4327 * 52 11
4328 * 52 12
4329 * 52 13
4330 * 52 14
4339 * 52 23
4340 * 52 24
4341 * 52 25
4342 * 52 26
4343 * 52 27
4344 * 52 28
4345 * 52 29
4346 * 52 30
4347 * 52 31
4348 * 52 32
4349 * 52 33
4350 * 52 34
4351 * 52 35
4359 * 52 43
4360 * 52 44
4361 * 52 45
4362 * 52 46
4363 * 52 47
4364 * 52 48
4365 * 52 49
4366 * 52 50
4367 * 52 51
4368 * 52 52
4369 * 52 53
4370 * 52 54
4371 * 52 55
4372 * 52 56
4373 * 52 57
4374 * 52 58
4375 * 52 59
4382 * 52 66
4383 * 52 67
4384 * 52 68
4385 * 52 69
4386 * 52 70
4387 * 52 71
4388 * 52 72
4389 * 52 73
4390 * 52 74
4391 * 52 75
4392 * 52 76
4393 * 52 77
4394 * 52 78
4395 * 52 79
4396 * 52 80
4397 * 52 81
4398 * 52 82
4399 * 52 83
4400 * 52 84
4401 * 52 85
4399 * 53 0
4400 * 53 1
4401 * 53 2
4402 * 53 3
4403 * 53 4
4404 * 53 5
4405 * 53 6
4406 * 53 7
4407 * 53 8
4408 * 53 9
4409 * 53 10
4410 * 53 11
4411 * 53 12
4420 * 53 21
4421 * 53 22
4422 * 53 23
4423 * 53 24
4424 * 53 25
4425 * 53 26
4426 * 53 27
4427 * 53 28
4428 * 53 29
4429 * 53 30
4430 * 53 31
4431 * 53 32
4432 * 53 33
4433 * 53 34
4440 * 53 41
4441 * 53 42
4442 * 53 43
4443 * 53 44
4444 * 53 45
4445 * 53 46
4446 * 53 47
4447 * 53 48
4448 * 53 49
4449 * 53 50
4450 * 53 51
4451 * 53 52
4452 * 53 53
4453 * 53 54
4454 * 53 55
4455 * 53 56
4456 * 53 57
4463 * 53 64
4464 * 53 65
4465 * 53 66
4466 * 53 67
4467 * 53 68
4468 * 53 69
4469 * 53 70
4470 * 53 71
4471 * 53 72
4472 * 53 73
4473 * 53 74
4474 * 53 75
4475 * 53 76
4476 * 53 77
4477 * 53 78
4478 * 53 79
4479 * 53 80
4480 * 53 81
4481 * 53 82
4482 * 53 83
4483 * 53 84
4484 * 53 85
4482 * 54 0
4483 * 54 1
4484 * 54 2
4485 * 54 3
4486 * 54 4
4487 * 54 5
4488 * 54 6
4489 * 54 7
4490 * 54 8
4491 * 54 9
4492 * 54 10
4493 * 54 11
4501 * 54 19
4502 * 54 20
4503 * 54 21
4504 * 54 22
4505 * 54 23
4506 * 54 24
4507 * 54 25
4508 * 54 26
4509 * 54 27
4510 * 54 28
4511 * 54 29
4512 * 54 30
4513 * 54 31
4514 * 54 32
4521 * 54 39
4522 * 54 40
4523 * 54 41
4524 * 54 42
4525 * 54 43
4526 * 54 44
4527 * 54 45
4528 * 54 46
4529 * 54 47
4530 * 54 48
4531 * 54 49
4532 * 54 50
4533 * 54 51
4534 * 54 52
4535 * 54 53
4536 * 54 54
4537 * 54 55
4545 * 54 63
4546 * 54 64
4547 * 54 65
4548 * 54 66
4549 * 54 67
4550 * 54 68
4551 * 54 69
4552 * 54 70
4553 * 54 71
4554 * 54 72
4555 * 54 73
4556 * 54 74
4557 * 54 75
4558 * 54 76
4559 * 54 77
4560 * 54 78
4561 * 54 79
4562 * 54 80
4563 * 54 81
4564 * 54 82
4565 * 54 83
4566 * 54 84
4567 * 54 85
4565 * 55 0
4566 * 55 1
4567 * 55 2
4568 * 55 3
4569 * 55 4
4570 * 55 5
4571 * 55 6
4572 * 55 7
4573 * 55 8
4574 * 55 9
4582 * 55 17
4583 * 55 18
4584 * 55 19
4585 * 55 20
4586 * 55 21
4587 * 55 22
4588 * 55 23
4589 * 55 24
4590 * 55 25
4591 * 55 26
4592 * 55 27
4593 * 55 28
4594 * 55 29
4595 * 55 30
4603 * 55 38
4604 * 55 39
4605 * 55 40
4606 * 55 41
4607 * 55 42
4608 * 55 43
4609 * 55 44
4610 * 55 45
4611 * 55 46
4612 * 55 47
4613 * 55 48
4614 * 55 49
4615 * 55 50
4616 * 55 51
4617 * 55 52
4618 * 55 53
4626 * 55 61
4627 * 55 62
4628 * 55 63
4629 * 55 64
4630 * 55 65
4631 * 55 66
4632 * 55 67
4633 * 55 68
4634 * 55 69
4635 * 55 70
4636 * 55 71
4637 * 55 72
4638 * 55 73
4639 * 55 74
4640 * 55 75
4641 * 55 76
4642 * 55 77
4643 * 55 78
4644 * 55 79
4645 * 55 80
4646 * 55 81
4647 * 55 82
4648 * 55 83
4649 * 55 84
4650 * 55 85
4648 * 56 0
4649 * 56 1
4650 * 56 2
4651 * 56 3
4652 * 56 4
4653 * 56 5
4654 * 56 6
4655 * 56 7
4663 * 56 15
4664 * 56 16
4665 * 56 17
4666 * 56 18
4667 * 56 19
4668 * 56 20
4669 * 56 21
4670 * 56 22
4671 * 56 23
4672 * 56 24
4673 * 56 25
4674 * 56 26
4675 * 56 27
4676 * 56 28
4684 * 56 36
4685 * 56 37
4686 * 56 38
4687 * 56 39
4688 * 56 40
4689 * 56 41
4690 * 56 42
4691 * 56 43
4692 * 56 44
4693 * 56 45
4694 * 56 46
4695 * 56 47
4696 * 56 48
4697 * 56 49
4698 * 56 50
4699 * 56 51
4700 * 56 52
4707 * 56 59
4708 * 56 60
4709 * 56 61
4710 * 56 62
4711 * 56 63
4712 * 56 64
4713 * 56 65
4714 * 56 66
4715 * 56 67
4716 * 56 68
4717 * 56 69
4718 * 56 70
4719 * 56 71
4720 * 56 72
4721 * 56 73
4722 * 56 74
4723 * 56 75
4724 * 56 76
4725 * 56 77
4726 * 56 78
4727 * 56 79
4728 * 56 80
4729 * 56 81
4730 * 56 82
4731 * 56 83
4732 * 56 84
4733 * 56 85
4731 * 57 0
4732 * 57 1
4733 * 57 2
4734 * 57 3
4735 * 57 4
4736 * 57 5
4745 * 57 14
4746 * 57 15
4747 * 57 16
4748 * 57 17
4749 * 57 18
4750 * 57 19
4751 * 57 20
4752 * 57 21
4753 * 57 22
4754 * 57 23
4755 * 57 24
4756 * 57 25
4757 * 57 26
4765 * 57 34
4766 * 57 35
4767 * 57 36
4768 * 57 37
4769 * 57 38
4770 * 57 39
4771 * 57 40
4772 * 57 41
4773 * 57 42
4774 * 57 43
4775 * 57 44
4776 * 57 45
4777 * 57 46
4778 * 57 47
4779 * 57 48
4780 * 57 49
4781 * 57 50
4788 * 57 57
4789 * 57 58
4790 * 57 59
4791 * 57 60
4792 * 57 61
4793 * 57 62
4794 * 57 63
4795 * 57 64
4796 * 57 65
4797 * 57 66
4798 * 57 67
4799 * 57 68
4800 * 57 69
4801 * 57 70
4802 * 57 71
4803 * 57 72
4804 * 57 73
4805 * 57 74
4806 * 57 75
4807 * 57 76
4808 * 57 77
4809 * 57 78
4810 * 57 79
4811 * 57 80
4812 * 57 81
4813 * 57 82
4814 * 57 83
4815 * 57 84
4816 * 57 85
4814 * 58 0
4815 * 58 1
4816 * 58 2
4817 * 58 3
4818 * 58 4
4826 * 58 12
4827 * 58 13
4828 * 58 14
4829 * 58 15
4830 * 58 16
4831 * 58 17
4832 * 58 18
4833 * 58 19
4834 * 58 20
4835 * 58 21
4836 * 58 22
4837 * 58 23
4838 * 58 24
4839 * 58 25
4846 * 58 32
4847 * 58 33
4848 * 58 34
4849 * 58 35
4850 * 58 36
4851 * 58 37
4852 * 58 38
4853 * 58 39
4854 * 58 40
4855 * 58 41
4856 * 58 42
4857 * 58 43
4858 * 58 44
4859 * 58 45
4860 * 58 46
4861 * 58 47
4862 * 58 48
4870 * 58 56
4871 * 58 57
4872 * 58 58
4873 * 58 59
4874 * 58 60
4875 * 58 61
4876 * 58 62
4877 * 58 63
4878 * 58 64
4879 * 58 65
4880 * 58 66
4881 * 58 67
4882 * 58 68
4883 * 58 69
4884 * 58 70
4885 * 58 71
4886 * 58 72
4887 * 58 73
4888 * 58 74
4889 * 58 75
4890 * 58 76
4891 * 58 77
4892 * 58 78
4893 * 58 79
4894 * 58 80
4895 * 58 81
4896 * 58 82
4897 * 58 83
4898 * 58 84
4899 * 58 85
4897 * 59 0
4898 * 59 1
4899 * 59 2
4907 * 59 10
4908 * 59 11
4909 * 59 12
4910 * 59 13
4911 * 59 14
4912 * 59 15
4913 * 59 16
4914 * 59 17
4915 * 59 18
4916 * 59 19
4917 * 59 20
4918 * 59 21
4919 * 59 22
4920 * 59 23
4927 * 59 30
4928 * 59 31
4929 * 59 32
4930 * 59 33
4931 * 59 34
4932 * 59 35
4933 * 59 36
4934 * 59 37
4935 * 59 38
4936 * 59 39
4937 * 59 40
4938 * 59 41
4939 * 59 42
4940 * 59 43
4941 * 59 44
4942 * 59 45
4943 * 59 46
4951 * 59 54
4952 * 59 55
4953 * 59 56
4954 * 59 57
4955 * 59 58
4956 * 59 59
4957 * 59 60
4958 * 59 61
4959 * 59 62
4960 * 59 63
4961 * 59 64
4962 * 59 65
4963 * 59 66
4964 * 59 67
4965 * 59 68
4966 * 59 69
4967 * 59 70
4968 * 59 71
4969 * 59 72
4970 * 59 73
4971 * 59 74
4972 * 59 75
4973 * 59 76
4974 * 59 77
4975 * 59 78
4976 * 59 79
4977 * 59 80
4978 * 59 81
4979 * 59 82
4980 * 59 83
4981 * 59 84
4982 * 59 85
4980 * 60 0
4988 * 60 8
4989 * 60 9
4990 * 60 10
4991 * 60 11
4992 * 60 12
4993 * 60 13
4994 * 60 14
4995 * 60 15
4996 * 60 16
4997 * 60 17
4998 * 60 18
4999 * 60 19
5000 * 60 20
5001 * 60 21
5009 * 60 29
5010 * 60 30
5011 * 60 31
5012 * 60 32
5013 * 60 33
5014 * 60 34
5015 * 60 35
5016 * 60 36
5017 * 60 37
5018 * 60 38
5019 * 60 39
5020 * 60 40
5021 * 60 41
5022 * 60 42
5023 * 60 43
5024 * 60 44
5032 * 60 52
5033 * 60 53
5034 * 60 54
5035 * 60 55
5036 * 60 56
5037 * 60 57
5038 * 60 58
5039 * 60 59
5040 * 60 60
5041 * 60 61
5042 * 60 62
5043 * 60 63
5044 * 60 64
5045 * 60 65
5046 * 60 66
5047 * 60 67
5048 * 60 68
5049 * 60 69
5050 * 60 70
5051 * 60 71
5052 * 60 72
5053 * 60 73
5054 * 60 74
5055 * 60 75
5056 * 60 76
5057 * 60 77
5058 * 60 78
5059 * 60 79
5060 * 60 80
5061 * 60 81
5062 * 60 82
5063 * 60 83
5064 * 60 84
5065 * 60 85
5070 * 61 7
5071 * 61 8
5072 * 61 9
5073 * 61 10
5074 * 61 11
5075 * 61 12
5076 * 61 13
5077 * 61 14
5078 * 61 15
5079 * 61 16
5080 * 61 17
5081 * 61 18
5082 * 61 19
5090 * 61 27
5091 * 61 28
5092 * 61 29
5093 * 61 30
5094 * 61 31
5095 * 61 32
5096 * 61 33
5097 * 61 34
5098 * 61 35
5099 * 61 36
5100 * 61 37
5101 * 61 38
5102 * 61 39
5103 * 61 40
5104 * 61 41
5105 * 61 42
5106 * 61 43
5113 * 61 50
5114 * 61 51
5115 * 61 52
5116 * 61 53
5117 * 61 54
5118 * 61 55
5119 * 61 56
5120 * 61 57
5121 * 61 58
5122 * 61 59
5123 * 61 60
5124 * 61 61
5125 * 61 62
5126 * 61 63
5127 * 61 64
5128 * 61 65
5129 * 61 66
5130 * 61 67
5131 * 61 68
5132 * 61 69
5133 * 61 70
5134 * 61 71
5135 * 61 72
5136 * 61 73
5137 * 61 74
5138 * 61 75
5139 * 61 76
5140 * 61 77
5141 * 61 78
5142 * 61 79
5143 * 61 80
5144 * 61 81
5145 * 61 82
5146 * 61 83
5147 * 61 84
5148 * 61 85
5151 * 62 5
5152 * 62 6
5153 * 62 7
5154 * 62 8
5155 * 62 9
5156 * 62 10
5157 * 62 11
5158 * 62 12
5159 * 62 13
5160 * 62 14
5161 * 62 15
5162 * 62 16
5163 * 62 17
5171 * 62 25
5172 * 62 26
5173 * 62 27
5174 * 62 28
5175 * 62 29
5176 * 62 30
5177 * 62 31
5178 * 62 32
5179 * 62 33
5180 * 62 34
5181 * 62 35
5182 * 62 36
5183 * 62 37
5184 * 62 38
5185 * 62 39
5186 * 62 40
5187 * 62 41
5194 * 62 48
5195 * 62 49
5196 * 62 50
5197 * 62 51
5198 * 62 52
5199 * 62 53
5200 * 62 54
5201 * 62 55
5202 * 62 56
5203 * 62 57
5204 * 62 58
5205 * 62 59
5206 * 62 60
5207 * 62 61
5208 * 62 62
5209 * 62 63
5210 * 62 64
5211 * 62 65
5212 * 62 66
5213 * 62 67
5214 * 62 68
5215 * 62 69
5216 * 62 70
5217 * 62 71
5218 * 62 72
5219 * 62 73
5220 * 62 74
5221 * 62 75
5222 * 62 76
5223 * 62 77
5224 * 62 78
5225 * 62 79
5226 * 62 80
5227 * 62 81
5228 * 62 82
5229 * 62 83
5230 * 62 84
5231 * 62 85
5232 * 63 3
5233 * 63 4
5234 * 63 5
5235 * 63 6
5236 * 63 7
5237 * 63 8
5238 * 63 9
5239 * 63 10
5240 * 63 11
5241 * 63 12
5242 * 63 13
5243 * 63 14
5244 * 63 15
5245 * 63 16
5252 * 63 23
5253 * 63 24
5254 * 63 25
5255 * 63 26
5256 * 63 27
5257 * 63 28
5258 * 63 29
5259 * 63 30
5260 * 63 31
5261 * 63 32
5262 * 63 33
5263 * 63 34
5264 * 63 35
5265 * 63 36
5266 * 63 37
5267 * 63 38
5268 * 63 39
5276 * 63 47
5277 * 63 48
5278 * 63 49
5279 * 63 50
5280 * 63 51
5281 * 63 52
5282 * 63 53
5283 * 63 54
5284 * 63 55
5285 * 63 56
5286 * 63 57
5287 * 63 58
5288 * 63 59
5289 * 63 60
5290 * 63 61
5291 * 63 62
5292 * 63 63
5293 * 63 64
5294 * 63 65
5295 * 63 66
5296 * 63 67
5297 * 63 68
5298 * 63 69
5299 * 63 70
5300 * 63 71
5301 * 63 72
5302 * 63 73
5303 * 63 74
5304 * 63 75
5305 * 63 76
5306 * 63 77
5307 * 63 78
5308 * 63 79
5309 * 63 80
5310 * 63 81
5311 * 63 82
5312 * 63 83
5313 * 63 84
5314 * 63 85
5313 * 64 1
5314 * 64 2
5315 * 64 3
5316 * 64 4
5317 * 64 5
5318 * 64 6
5319 * 64 7
5320 * 64 8
5321 * 64 9
5322 * 64 10
5323 * 64 11
5324 * 64 12
5325 * 64 13
5326 * 64 14
5333 * 64 21
5334 * 64 22
5335 * 64 23
5336 * 64 24
5337 * 64 25
5338 * 64 26
5339 * 64 27
5340 * 64 28
5341 * 64 29
5342 * 64 30
5343 * 64 31
5344 * 64 32
5345 * 64 33
5346 * 64 34
5347 * 64 35
5348 * 64 36
5349 * 64 37
5357 * 64 45
5358 * 64 46
5359 * 64 47
5360 * 64 48
5361 * 64 49
5362 * 64 50
5363 * 64 51
5364 * 64 52
5365 * 64 53
5366 * 64 54
5367 * 64 55
5368 * 64 56
5369 * 64 57
5370 * 64 58
5371 * 64 59
5372 * 64 60
5373 * 64 61
5374 * 64 62
5375 * 64 63
5376 * 64 64
5377 * 64 65
5378 * 64 66
5379 * 64 67
5380 * 64 68
5381 * 64 69
5382 * 64 70
5383 * 64 71
5384 * 64 72
5385 * 64 73
5386 * 64 74
5387 * 64 75
5388 * 64 76
5389 * 64 77
5390 * 64 78
5391 * 64 79
5392 * 64 80
5393 * 64 81
5394 * 64 82
5395 * 64 83
5396 * 64 84
5397 * 64 85
5395 * 65 0
5396 * 65 1
5397 * 65 2
5398 * 65 3
5399 * 65 4
5400 * 65 5
5401 * 65 6
5402 * 65 7
5403 * 65 8
5404 * 65 9
5405 * 65 10
5406 * 65 11
5407 * 65 12
5415 * 65 20
5416 * 65 21
5417 * 65 22
5418 * 65 23
5419 * 65 24
5420 * 65 25
5421 * 65 26
5422 * 65 27
5423 * 65 28
5424 * 65 29
5425 * 65 30
5426 * 65 31
5427 * 65 32
5428 * 65 33
5429 * 65 34
5430 * 65 35
5438 * 65 43
5439 * 65 44
5440 * 65 45
5441 * 65 46
5442 * 65 47
5443 * 65 48
5444 * 65 49
5445 * 65 50
5446 * 65 51
5447 * 65 52
5448 * 65 53
5449 * 65 54
5450 * 65 55
5451 * 65 56
5452 * 65 57
5453 * 65 58
5454 * 65 59
5455 * 65 60
5456 * 65 61
5457 * 65 62
5458 * 65 63
5459 * 65 64
5460 * 65 65
5461 * 65 66
5462 * 65 67
5463 * 65 68
5464 * 65 69
5465 * 65 70
5466 * 65 71
5467 * 65 72
5468 * 65 73
5469 * 65 74
5470 * 65 75
5471 * 65 76
5472 * 65 77
5473 * 65 78
5474 * 65 79
5475 * 65 80
5476 * 65 81
5477 * 65 82
5478 * 65 83
5479 * 65 84
5480 * 65 85
5478 * 66 0
5479 * 66 1
5480 * 66 2
5481 * 66 3
5482 * 66 4
5483 * 66 5
5484 * 66 6
5485 * 66 7
5486 * 66 8
5487 * 66 9
5488 * 66 10
5496 * 66 18
5497 * 66 19
5498 * 66 20
5499 * 66 21
5500 * 66 22
5501 * 66 23
5502 * 66 24
5503 * 66 25
5504 * 66 26
5505 * 66 27
5506 * 66 28
5507 * 66 29
5508 * 66 30
5509 * 66 31
5510 * 66 32
5511 * 66 33
5512 * 66 34
5519 * 66 41
5520 * 66 42
5521 * 66 43
5522 * 66 44
5523 * 66 45
5524 * 66 46
5525 * 66 47
5526 * 66 48
5527 * 66 49
5528 * 66 50
5529 * 66 51
5530 * 66 52
5531 * 66 53
5532 * 66 54
5533 * 66 55
5534 * 66 56
5535 * 66 57
5536 * 66 58
5537 * 66 59
5538 * 66 60
5539 * 66 61
5540 * 66 62
5541 * 66 63
5542 * 66 64
5543 * 66 65
5544 * 66 66
5545 * 66 67
5546 * 66 68
5547 * 66 69
5548 * 66 70
5549 * 66 71
5550 * 66 72
5551 * 66 73
5552 * 66 74
5553 * 66 75
5554 * 66 76
5555 * 66 77
5556 * 66 78
5557 * 66 79
5558 * 66 80
5559 * 66 81
5560 * 66 82
5561 * 66 83
5562 * 66 84
5563 * 66 85
5561 * 67 0
5562 * 67 1
5563 * 67 2
5564 * 67 3
5565 * 67 4
5566 * 67 5
5567 * 67 6
5568 * 67 7
5569 * 67 8
5577 * 67 16
5578 * 67 17
5579 * 67 18
5580 * 67 19
5581 * 67 20
5582 * 67 21
5583 * 67 22
5584 * 67 23
5585 * 67 24
5586 * 67 25
5587 * 67 26
5588 * 67 27
5589 * 67 28
5590 * 67 29
5591 * 67 30
5592 * 67 31
5593 * 67 32
5601 * 67 40
5602 * 67 41
5603 * 67 42
5604 * 67 43
5605 * 67 44
5606 * 67 45
5607 * 67 46
5608 * 67 47
5609 * 67 48
5610 * 67 49
5611 * 67 50
5612 * 67 51
5613 * 67 52
5614 * 67 53
5615 * 67 54
5616 * 67 55
5617 * 67 56
5618 * 67 57
5619 * 67 58
5620 * 67 59
5621 * 67 60
5622 * 67 61
5623 * 67 62
5624 * 67 63
5625 * 67 64
5626 * 67 65
5627 * 67 66
5628 * 67 67
5629 * 67 68
5630 * 67 69
5631 * 67 70
5632 * 67 71
5633 * 67 72
5634 * 67 73
5635 * 67 74
5636 * 67 75
5637 * 67 76
5638 * 67 77
5639 * 67 78
5640 * 67 79
5641 * 67 80
5642 * 67 81
5643 * 67 82
5644 * 67 83
5645 * 67 84
5646 * 67 85
5644 * 68 0
5645 * 68 1
5646 * 68 2
5647 * 68 3
5648 * 68 4
5649 * 68 5
5650 * 68 6
5651 * 68 7
5658 * 68 14
5659 * 68 15
5660 * 68 16
5661 * 68 17
5662 * 68 18
5663 * 68 19
5664 * 68 20
5665 * 68 21
5666 * 68 22
5667 * 68 23
5668 * 68 24
5669 * 68 25
5670 * 68 26
5671 * 68 27
5672 * 68 28
5673 * 68 29
5674 * 68 30
5682 * 68 38
5683 * 68 39
5684 * 68 40
5685 * 68 41
5686 * 68 42
5687 * 68 43
5688 * 68 44
5689 * 68 45
5690 * 68 46
5691 * 68 47
5692 * 68 48
5693 * 68 49
5694 * 68 50
5695 * 68 51
5696 * 68 52
5697 * 68 53
5698 * 68 54
5699 * 68 55
5700 * 68 56
5701 * 68 57
5702 * 68 58
5703 * 68 59
5704 * 68 60
5705 * 68 61
5706 * 68 62
5707 * 68 63
5708 * 68 64
5709 * 68 65
5710 * 68 66
5711 * 68 67
5712 * 68 68
5713 * 68 69
5714 * 68 70
5715 * 68 71
5716 * 68 72
5717 * 68 73
5718 * 68 74
5719 * 68 75
5720 * 68 76
5721 * 68 77
5722 * 68 78
5723 * 68 79
5724 * 68 80
5725 * 68 81
5726 * 68 82
5727 * 68 83
5728 * 68 84
5727 * 69 0
5728 * 69 1
5729 * 69 2
5730 * 69 3
5731 * 69 4
5732 * 69 5
5739 * 69 12
5740 * 69 13
5741 * 69 14
5742 * 69 15
5743 * 69 16
5744 * 69 17
5745 * 69 18
5746 * 69 19
5747 * 69 20
5748 * 69 21
5749 * 69 22
5750 * 69 23
5751 * 69 24
5752 * 69 25
5753 * 69 26
5754 * 69 27
5755 * 69 28
5763 * 69 36
5764 * 69 37
5765 * 69 38
5766 * 69 39
5767 * 69 40
5768 * 69 41
5769 * 69 42
5770 * 69 43
5771 * 69 44
5772 * 69 45
5773 * 69 46
5774 * 69 47
5775 * 69 48
5776 * 69 49
5777 * 69 50
5778 * 69 51
5779 * 69 52
5780 * 69 53
5781 * 69 54
5782 * 69 55
5783 * 69 56
5784 * 69 57
5785 * 69 58
5786 * 69 59
5787 * 69 60
5788 * 69 61
5789 * 69 62
5790 * 69 63
5791 * 69 64
5792 * 69 65
5793 * 69 66
5794 * 69 67
5795 * 69 68
5796 * 69 69
5797 * 69 70
5798 * 69 71
5799 * 69 72
5800 * 69 73
5801 * 69 74
5802 * 69 75
5803 * 69 76
5804 * 69 77
5805 * 69 78
5806 * 69 79
5807 * 69 80
5808 * 69 81
5809 * 69 82
5810 * 70 0
5811 * 70 1
5812 * 70 2
5813 * 70 3
5821 * 70 11
5822 * 70 12
5823 * 70 13
5824 * 70 14
5825 * 70 15
5826 * 70 16
5827 * 70 17
5828 * 70 18
5829 * 70 19
5830 * 70 20
5831 * 70 21
5832 * 70 22
5833 * 70 23
5834 * 70 24
5835 * 70 25
5836 * 70 26
5844 * 70 34
5845 * 70 35
5846 * 70 36
5847 * 70 37
5848 * 70 38
5849 * 70 39
5850 * 70 40
5851 * 70 41
5852 * 70 42
5853 * 70 43
5854 * 70 44
5855 * 70 45
5856 * 70 46
5857 * 70 47
5858 * 70 48
5859 * 70 49
5860 * 70 50
5861 * 70 51
5862 * 70 52
5863 * 70 53
5864 * 70 54
5865 * 70 55
5866 * 70 56
5867 * 70 57
5868 * 70 58
5869 * 70 59
5870 * 70 60
5871 * 70 61
5872 * 70 62
5873 * 70 63
5874 * 70 64
5875 * 70 65
5876 * 70 66
5877 * 70 67
5878 * 70 68
5879 * 70 69
5880 * 70 70
5881 * 70 71
5882 * 70 72
5883 * 70 73
5884 * 70 74
5885 * 70 75
5886 * 70 76
5887 * 70 77
5888 * 70 78
5889 * 70 79
5890 * 70 80
5893 * 71 0
5894 * 71 1
5902 * 71 9
5903 * 71 10
5904 * 71 11
5905 * 71 12
5906 * 71 13
5907 * 71 14
5908 * 71 15
5909 * 71 16
5910 * 71 17
5911 * 71 18
5912 * 71 19
5913 * 71 20
5914 * 71 21
5915 * 71 22
5916 * 71 23
5917 * 71 24
5918 * 71 25
5925 * 71 32
5926 * 71 33
5927 * 71 34
5928 * 71 35
5929 * 71 36
5930 * 71 37
5931 * 71 38
5932 * 71 39
5933 * 71 40
5934 * 71 41
5935 * 71 42
5936 * 71 43
5937 * 71 44
5938 * 71 45
5939 * 71 46
5940 * 71 47
5941 * 71 48
5942 * 71 49
5943 * 71 50
5944 * 71 51
5945 * 71 52
5946 * 71 53
5947 * 71 54
5948 * 71 55
5949 * 71 56
5950 * 71 57
5951 * 71 58
5952 * 71 59
5953 * 71 60
5954 * 71 61
5955 * 71 62
5956 * 71 63
5957 * 71 64
5958 * 71 65
5959 * 71 66
5960 * 71 67
5961 * 71 68
5962 * 71 69
5963 * 71 70
5964 * 71 71
5965 * 71 72
5966 * 71 73
5967 * 71 74
5968 * 71 75
5969 * 71 76
5970 * 71 77
5971 * 71 78
5972 * 71 79
5983 * 72 7
5984 * 72 8
5985 * 72 9
5986 * 72 10
5987 * 72 11
5988 * 72 12
5989 * 72 13
5990 * 72 14
5991 * 72 15
5992 * 72 16
5993 * 72 17
5994 * 72 18
5995 * 72 19
5996 * 72 20
5997 * 72 21
5998 * 72 22
5999 * 72 23
6007 * 72 31
6008 * 72 32
6009 * 72 33
6010 * 72 34
6011 * 72 35
6012 * 72 36
6013 * 72 37
6014 * 72 38
6015 * 72 39
6016 * 72 40
6017 * 72 41
6018 * 72 42
6019 * 72 43
6020 * 72 44
6021 * 72 45
6022 * 72 46
6023 * 72 47
6024 * 72 48
6025 * 72 49
6026 * 72 50
6027 * 72 51
6028 * 72 52
6029 * 72 53
6030 * 72 54
6031 * 72 55
6032 * 72 56
6033 * 72 57
6034 * 72 58
6035 * 72 59
6036 * 72 60
6037 * 72 61
6038 * 72 62
6039 * 72 63
6040 * 72 64
6041 * 72 65
6042 * 72 66
6043 * 72 67
6044 * 72 68
6045 * 72 69
6046 * 72 70
6047 * 72 71
6048 * 72 72
6049 * 72 73
6050 * 72 74
6051 * 72 75
6052 * 72 76
6053 * 72 77
6064 * 73 5
6065 * 73 6
6066 * 73 7
6067 * 73 8
6068 * 73 9
6069 * 73 10
6070 * 73 11
6071 * 73 12
6072 * 73 13
6073 * 73 14
6074 * 73 15
6075 * 73 16
6076 * 73 17
6077 * 73 18
6078 * 73 19
6079 * 73 20
6080 * 73 21
6088 * 73 29
6089 * 73 30
6090 * 73 31
6091 * 73 32
6092 * 73 33
6093 * 73 34
6094 * 73 35
6095 * 73 36
6096 * 73 37
6097 * 73 38
6098 * 73 39
6099 * 73 40
6100 * 73 41
6101 * 73 42
6102 * 73 43
6103 * 73 44
6104 * 73 45
6105 * 73 46
6106 * 73 47
6107 * 73 48
6108 * 73 49
6109 * 73 50
6110 * 73 51
6111 * 73 52
6112 * 73 53
6113 * 73 54
6114 * 73 55
6115 * 73 56
6116 * 73 57
6117 * 73 58
6118 * 73 59
6119 * 73 60
6120 * 73 61
6121 * 73 62
6122 * 73 63
6123 * 73 64
6124 * 73 65
6125 * 73 66
6126 * 73 67
6127 * 73 68
6128 * 73 69
6129 * 73 70
6130 * 73 71
6131 * 73 72
6132 * 73 73
6133 * 73 74
6134 * 73 75
6145 * 74 3
6146 * 74 4
6147 * 74 5
6148 * 74 6
6149 * 74 7
6150 * 74 8
6151 * 74 9
6152 * 74 10
6153 * 74 11
6154 * 74 12
6155 * 74 13
6156 * 74 14
6157 * 74 15
6158 * 74 16
6159 * 74 17
6160 * 74 18
6161 * 74 19
6169 * 74 27
6170 * 74 28
6171 * 74 29
6172 * 74 30
6173 * 74 31
6174 * 74 32
6175 * 74 33
6176 * 74 34
6177 * 74 35
6178 * 74 36
6179 * 74 37
6180 * 74 38
6181 * 74 39
6182 * 74 40
6183 * 74 41
6184 * 74 42
6185 * 74 43
6186 * 74 44
6187 * 74 45
6188 * 74 46
6189 * 74 47
6190 * 74 48
6191 * 74 49
6192 * 74 50
6193 * 74 51
6194 * 74 52
6195 * 74 53
6196 * 74 54
6197 * 74 55
6198 * 74 56
6199 * 74 57
6200 * 74 58
6201 * 74 59
6202 * 74 60
6203 * 74 61
6204 * 74 62
6205 * 74 63
6206 * 74 64
6207 * 74 65
6208 * 74 66
6209 * 74 67
6210 * 74 68
6211 * 74 69
6212 * 74 70
6213 * 74 71
6214 * 74 72
6215 * 74 73
6216 * 74 74
6227 * 75 2
6228 * 75 3
6229 * 75 4
6230 * 75 5
6231 * 75 6
6232 * 75 7
6233 * 75 8
6234 * 75 9
6235 * 75 10
6236 * 75 11
6237 * 75 12
6238 * 75 13
6239 * 75 14
6240 * 75 15
6241 * 75 16
6242 * 75 17
6250 * 75 25
6251 * 75 26
6252 * 75 27
6253 * 75 28
6254 * 75 29
6255 * 75 30
6256 * 75 31
6257 * 75 32
6258 * 75 33
6259 * 75 34
6260 * 75 35
6261 * 75 36
6262 * 75 37
6263 * 75 38
6264 * 75 39
6265 * 75 40
6266 * 75 41
6267 * 75 42
6268 * 75 43
6269 * 75 44
6270 * 75 45
6271 * 75 46
6272 * 75 47
6273 * 75 48
6274 * 75 49
6275 * 75 50
6276 * 75 51
6277 * 75 52
6278 * 75 53
6279 * 75 54
6280 * 75 55
6281 * 75 56
6282 * 75 57
6283 * 75 58
6284 * 75 59
6285 * 75 60
6286 * 75 61
6287 * 75 62
6288 * 75 63
6289 * 75 64
6290 * 75 65
6291 * 75 66
6292 * 75 67
6293 * 75 68
6294 * 75 69
6295 * 75 70
6296 * 75 71
6297 * 75 72
6308 * 76 0
6309 * 76 1
6310 * 76 2
6311 * 76 3
6312 * 76 4
6313 * 76 5
6314 * 76 6
6315 * 76 7
6316 * 76 8
6317 * 76 9
6318 * 76 10
6319 * 76 11
6320 * 76 12
6321 * 76 13
6322 * 76 14
6323 * 76 15
6324 * 76 16
6331 * 76 23
6332 * 76 24
6333 * 76 25
6334 * 76 26
6335 * 76 27
6336 * 76 28
6337 * 76 29
6338 * 76 30
6339 * 76 31
6340 * 76 32
6341 * 76 33
6342 * 76 34
6343 * 76 35
6344 * 76 36
6345 * 76 37
6346 * 76 38
6347 * 76 39
6348 * 76 40
6349 * 76 41
6350 * 76 42
6351 * 76 43
6352 * 76 44
6353 * 76 45
6354 * 76 46
6355 * 76 47
6356 * 76 48
6357 * 76 49
6358 * 76 50
6359 * 76 51
6360 * 76 52
6361 * 76 53
6362 * 76 54
6363 * 76 55
6364 * 76 56
6365 * 76 57
6366 * 76 58
6367 * 76 59
6368 * 76 60
6369 * 76 61
6370 * 76 62
6371 * 76 63
6372 * 76 64
6373 * 76 65
6374 * 76 66
6375 * 76 67
6376 * 76 68
6377 * 76 69
6378 * 76 70
6391 * 77 0
6392 * 77 1
6393 * 77 2
6394 * 77 3
6395 * 77 4
6396 * 77 5
6397 * 77 6
6398 * 77 7
6399 * 77 8
6400 * 77 9
6401 * 77 10
6402 * 77 11
6403 * 77 12
6404 * 77 13
6405 * 77 14
6413 * 77 22
6414 * 77 23
6415 * 77 24
6416 * 77 25
6417 * 77 26
6418 * 77 27
6419 * 77 28
6420 * 77 29
6421 * 77 30
6422 * 77 31
6423 * 77 32
6424 * 77 33
6425 * 77 34
6426 * 77 35
6427 * 77 36
6428 * 77 37
6429 * 77 38
6430 * 77 39
6431 * 77 40
6432 * 77 41
6433 * 77 42
6434 * 77 43
6435 * 77 44
6436 * 77 45
6437 * 77 46
6438 * 77 47
6439 * 77 48
6440 * 77 49
6441 * 77 50
6442 * 77 51
6443 * 77 52
6444 * 77 53
6445 * 77 54
6446 * 77 55
6447 * 77 56
6448 * 77 57
6449 * 77 58
6450 * 77 59
6451 * 77 60
6452 * 77 61
6453 * 77 62
6454 * 77 63
6455 * 77 64
6456 * 77 65
6457 * 77 66
6458 * 77 67
6459 * 77 68
6474 * 78 0
6475 * 78 1
6476 * 78 2
6477 * 78 3
6478 * 78 4
6479 * 78 5
6480 * 78 6
6481 * 78 7
6482 * 78 8
6483 * 78 9
6484 * 78 10
6485 * 78 11
6486 * 78 12
6494 * 78 20
6495 * 78 21
6496 * 78 22
6497 * 78 23
6498 * 78 24
6499 * 78 25
6500 * 78 26
6501 * 78 27
6502 * 78 28
6503 * 78 29
6504 * 78 30
6505 * 78 31
6506 * 78 32
6507 * 78 33
6508 * 78 34
6509 * 78 35
6510 * 78 36
6511 * 78 37
6512 * 78 38
6513 * 78 39
6514 * 78 40
6515 * 78 41
6516 * 78 42
6517 * 78 43
6518 * 78 44
6519 * 78 45
6520 * 78 46
6521 * 78 47
6522 * 78 48
6523 * 78 49
6524 * 78 50
6525 * 78 51
6526 * 78 52
6527 * 78 53
6528 * 78 54
6529 * 78 55
6530 * 78 56
6531 * 78 57
6532 * 78 58
6533 * 78 59
6534 * 78 60
6535 * 78 61
6536 * 78 62
6537 * 78 63
6538 * 78 64
6539 * 78 65
6540 * 78 66
6541 * 78 67
6557 * 79 0
6558 * 79 1
6559 * 79 2
6560 * 79 3
6561 * 79 4
6562 * 79 5
6563 * 79 6
6564 * 79 7
6565 * 79 8
6566 * 79 9
6567 * 79 10
6575 * 79 18
6576 * 79 19
6577 * 79 20
6578 * 79 21
6579 * 79 22
6580 * 79 23
6581 * 79 24
6582 * 79 25
6583 * 79 26
6584 * 79 27
6585 * 79 28
6586 * 79 29
6587 * 79 30
6588 * 79 31
6589 * 79 32
6590 * 79 33
6591 * 79 34
6592 * 79 35
6593 * 79 36
6594 * 79 37
6595 * 79 38
6596 * 79 39
6597 * 79 40
6598 * 79 41
6599 * 79 42
6600 * 79 43
6601 * 79 44
6602 * 79 45
6603 * 79 46
6604 * 79 47
6605 * 79 48
6606 * 79 49
6607 * 79 50
6608 * 79 51
6609 * 79 52
6610 * 79 53
6611 * 79 54
6612 * 79 55
6613 * 79 56
6614 * 79 57
6615 * 79 58
6616 * 79 59
6617 * 79 60
6618 * 79 61
6619 * 79 62
6620 * 79 63
6621 * 79 64
6622 * 79 65
6640 * 80 0
6641 * 80 1
6642 * 80 2
6643 * 80 3
6644 * 80 4
6645 * 80 5
6646 * 80 6
6647 * 80 7
6648 * 80 8
6656 * 80 16
6657 * 80 17
6658 * 80 18
6659 * 80 19
6660 * 80 20
6661 * 80 21
6662 * 80 22
6663 * 80 23
6664 * 80 24
6665 * 80 25
6666 * 80 26
6667 * 80 27
6668 * 80 28
6669 * 80 29
6670 * 80 30
6671 * 80 31
6672 * 80 32
6673 * 80 33
6674 * 80 34
6675 * 80 35
6676 * 80 36
6677 * 80 37
6678 * 80 38
6679 * 80 39
6680 * 80 40
6681 * 80 41
6682 * 80 42
6683 * 80 43
6684 * 80 44
6685 * 80 45
6686 * 80 46
6687 * 80 47
6688 * 80 48
6689 * 80 49
6690 * 80 50
6691 * 80 51
6692 * 80 52
6693 * 80 53
6694 * 80 54
6695 * 80 55
6696 * 80 56
6697 * 80 57
6698 * 80 58
6699 * 80 59
6700 * 80 60
6701 * 80 61
6702 * 80 62
6703 * 80 63
6723 * 81 0
6724 * 81 1
6725 * 81 2
6726 * 81 3
6727 * 81 4
6728 * 81 5
6729 * 81 6
6738 * 81 15
6739 * 81 16
6740 * 81 17
6741 * 81 18
6742 * 81 19
6743 * 81 20
6744 * 81 21
6745 * 81 22
6746 * 81 23
6747 * 81 24
6748 * 81 25
6749 * 81 26
6750 * 81 27
6751 * 81 28
6752 * 81 29
6753 * 81 30
6754 * 81 31
6755 * 81 32
6756 * 81 33
6757 * 81 34
6758 * 81 35
6759 * 81 36
6760 * 81 37
6761 * 81 38
6762 * 81 39
6763 * 81 40
6764 * 81 41
6765 * 81 42
6766 * 81 43
6767 * 81 44
6768 * 81 45
6769 * 81 46
6770 * 81 47
6771 * 81 48
6772 * 81 49
6773 * 81 50
6774 * 81 51
6775 * 81 52
6776 * 81 53
6777 * 81 54
6778 * 81 55
6779 * 81 56
6780 * 81 57
6781 * 81 58
6782 * 81 59
6783 * 81 60
6784 * 81 61
6785 * 81 62
6806 * 82 0
6807 * 82 1
6808 * 82 2
6809 * 82 3
6810 * 82 4
6811 * 82 5
6819 * 82 13
6820 * 82 14
6821 * 82 15
6822 * 82 16
6823 * 82 17
6824 * 82 18
6825 * 82 19
6826 * 82 20
6827 * 82 21
6828 * 82 22
6829 * 82 23
6830 * 82 24
6831 * 82 25
6832 * 82 26
6833 * 82 27
6834 * 82 28
6835 * 82 29
6836 * 82 30
6837 * 82 31
6838 * 82 32
6839 * 82 33
6840 * 82 34
6841 * 82 35
6842 * 82 36
6843 * 82 37
6844 * 82 38
6845 * 82 39
6846 * 82 40
6847 * 82 41
6848 * 82 42
6849 * 82 43
6850 * 82 44
6851 * 82 45
6852 * 82 46
6853 * 82 47
6854 * 82 48
6855 * 82 49
6856 * 82 50
6857 * 82 51
6858 * 82 52
6859 * 82 53
6860 * 82 54
6861 * 82 55
6862 * 82 56
6863 * 82 57
6864 * 82 58
6865 * 82 59
6866 * 82 60
